1 1 1 1 1 1 1 1 1 1 1 1 1 1 1 1 1 1 1 1
1 1 1 1 1 1 1 1 1 1 1 1 1 1 1 1 1 1 1 1
17 14 8 14 17 14 14 11 8 5 17 14 8 5 14 8 11 14 8 5
62 62 25 62 25 50 37 75 25 50 50 37 62 75 50 62 50 62 62 25
0 110 0 0 110 108 104 104 91 77 106 77 84 123 124 110 81 107 114 117
87 0 108 0 122 120 119 84 107 119 94 77 79 119 83 87 108 120 88 101
87 100 0 0 117 77 100 83 76 99 97 116 110 103 82 109 98 110 108 122
81 0 0 103 77 119 79 91 88 103 76 81 81 120 89 103 79 102 92 115
105 0 115 0 93 99 112 95 97 122 94 104 100 112 96 123 101 84 116 113
0 93 78 82 107 123 91 91 121 99 116 124 104 92 116 102 78 76 75 109
120 0 115 96 90 85 120 119 91 101 79 103 95 91 111 85 99 103 111 79
100 0 0 120 124 93 75 123 123 86 91 85 117 84 116 109 82 115 121 93
0 0 0 0 111 84 86 105 93 97 123 100 101 84 83 122 105 87 87 82
79 0 0 0 77 119 92 82 86 92 117 115 77 92 87 97 78 91 122 107
0 0 112 0 121 86 118 90 80 75 115 109 114 84 122 122 91 109 76 83
110 0 77 118 105 80 109 103 102 75 82 110 120 104 123 91 89 109 101 111
0 109 0 81 120 107 110 89 77 120 115 82 80 100 107 115 84 110 103 97
0 84 0 89 117 104 89 99 86 118 76 105 91 120 90 97 105 86 112 100
91 0 120 105 122 93 120 78 119 124 81 123 75 86 75 120 104 100 92 97
0 107 0 0 114 104 92 113 111 99 99 89 77 102 90 82 108 113 86 81
