1 1 1 1 1 1 1 1 1 1 1 1 1 1 1 1 1 1 1 1
1 1 1 1 1 1 1 1 1 1 1 1 1 1 1 1 1 1 1 1
5 17 14 14 14 5 8 11 11 11 11 11 8 17 14 8 5 11 17 14
37 25 62 37 25 62 50 37 75 75 75 50 62 37 62 25 75 25 25 37
94 0 120 77 89 82 123 117 108 124 117 83 91 94 78 76 95 82 102 118
0 93 95 0 85 77 99 83 89 113 80 79 107 83 114 93 105 82 78 89
0 119 98 115 106 121 100 82 80 113 113 76 107 83 111 113 92 101 89 106
0 0 98 114 106 102 100 92 82 103 83 93 81 96 81 96 118 104 81 120
0 93 76 0 89 104 77 100 113 92 111 117 97 115 114 107 105 84 82 88
0 0 0 98 100 108 121 86 124 102 101 93 87 86 77 90 116 110 112 86
0 0 86 94 82 87 112 77 106 123 99 82 80 92 123 99 79 87 114 122
0 78 0 85 79 122 106 90 101 110 84 78 97 118 115 123 109 106 114 84
0 0 96 90 87 78 91 92 109 103 119 81 97 86 111 82 77 92 91 79
112 78 110 0 109 87 112 85 114 94 88 81 106 89 123 103 83 80 77 112
114 90 0 0 103 120 87 79 79 93 92 111 80 111 92 119 103 80 94 93
107 0 105 84 97 106 90 108 110 103 100 111 118 93 81 101 99 103 110 96
0 0 87 82 80 83 110 118 78 119 112 105 115 102 85 115 97 85 94 80
77 91 120 0 115 92 76 90 79 104 86 117 98 81 124 94 93 124 119 121
77 81 116 100 100 92 94 93 117 79 89 77 76 86 104 81 104 98 93 78
0 0 83 0 88 90 115 87 118 78 105 118 83 84 119 92 78 110 94 118
