1 1 1 1 1 1 1 1 1 1 1 1 1 1 1 1 1 1 1 1
1 1 1 1 1 1 1 1 1 1 1 1 1 1 1 1 1 1 1 1
14 8 17 17 11 8 11 17 14 11 5 14 14 17 11 17 5 11 11 5
75 75 62 50 62 62 62 62 25 62 62 37 75 37 50 37 62 75 50 75
90 120 0 0 123 113 95 93 86 88 112 97 96 101 102 108 79 99 100 83
0 0 90 110 118 77 110 111 77 87 111 85 116 124 81 94 119 112 118 86
0 0 110 94 122 106 118 108 85 81 93 97 115 124 83 83 77 97 98 119
0 87 80 116 108 75 98 114 113 99 82 101 111 98 117 81 109 93 104 117
0 0 0 0 103 112 102 113 89 98 76 75 95 84 85 85 92 103 89 78
102 93 83 0 81 76 123 116 99 118 122 106 92 81 118 77 81 96 89 100
0 0 0 76 99 81 83 112 84 91 118 95 118 82 115 95 113 106 78 84
121 0 112 106 103 96 89 123 93 123 85 122 103 108 120 119 122 107 115 88
0 87 112 0 119 86 86 82 91 89 113 85 81 94 123 87 76 120 111 122
116 113 75 0 83 101 112 107 88 101 93 81 77 76 124 93 100 79 76 112
102 119 0 0 88 123 84 80 107 91 107 119 77 115 86 111 102 110 108 77
118 0 0 0 80 89 99 94 82 95 119 109 122 82 94 115 109 75 92 83
0 0 0 0 86 100 120 79 123 96 98 102 112 112 80 120 84 89 96 106
0 0 117 0 97 82 90 106 78 83 99 120 123 120 88 97 97 107 110 121
0 119 83 0 94 77 102 104 104 119 106 95 85 114 109 84 110 122 110 122
110 120 0 75 88 75 92 75 106 91 111 121 122 77 93 86 100 115 82 114
