1 1 1 1 1 1 1 1 1 1 1 1 1 1 1 1 1 1 1 1
1 1 1 1 1 1 1 1 1 1 1 1 1 1 1 1 1 1 1 1
14 14 17 11 14 14 14 17 5 17 17 17 8 11 5 11 17 17 14 8
37 62 75 62 25 50 50 25 37 50 62 37 37 50 50 37 75 50 25 37
0 98 85 0 111 108 87 87 119 121 109 87 88 89 114 115 93 100 104 107
103 104 0 0 84 117 88 120 109 115 118 119 82 118 96 101 96 115 76 108
0 0 0 0 108 108 100 108 77 123 81 109 96 84 124 117 104 104 90 84
0 83 106 0 75 118 87 94 83 88 89 110 124 83 84 107 80 112 103 110
0 0 0 0 99 113 112 105 101 88 103 106 85 89 82 110 105 106 89 81
81 75 98 0 109 110 117 95 93 86 102 111 114 91 86 76 98 117 122 77
93 0 0 90 105 105 101 108 105 122 109 86 96 91 121 117 97 100 107 75
0 109 0 90 81 100 122 100 101 82 84 122 122 124 80 93 75 123 95 110
93 0 0 77 111 83 88 92 116 88 99 78 121 100 109 83 85 121 94 112
0 77 75 0 118 88 77 102 82 88 121 114 77 91 116 91 80 118 107 118
0 0 0 109 117 124 117 121 82 83 99 112 115 107 121 94 112 114 78 82
92 81 0 0 83 76 81 102 101 101 109 114 122 105 92 82 84 88 102 117
0 0 99 0 108 88 100 124 100 90 109 107 79 96 75 123 75 113 95 91
0 103 0 0 82 90 102 117 119 123 81 82 99 119 121 75 97 112 83 95
93 95 89 120 124 100 86 109 104 100 79 124 116 107 77 87 88 117 122 111
0 96 96 0 75 121 116 98 76 75 92 83 121 117 116 100 116 76 108 96
