1 1 1 1 1 1 1 1 1 1 1 1 1 1 1 1 1 1 1 1
1 1 1 1 1 1 1 1 1 1 1 1 1 1 1 1 1 1 1 1
17 5 14 5 5 14 14 5 17 8 11 8 8 14 8 8 8 5 8 8
25 37 75 37 75 75 62 62 37 25 50 50 50 62 50 37 50 75 62 37
77 84 86 0 85 86 102 97 92 103 88 105 119 78 108 77 113 116 121 95
0 0 111 97 85 95 124 90 122 95 77 79 96 108 123 116 84 106 83 92
0 113 0 0 94 83 91 101 82 75 116 98 87 124 116 82 90 92 101 115
87 0 111 94 83 124 101 83 87 122 76 116 89 96 91 104 81 82 99 116
0 0 0 0 80 123 122 121 89 82 101 101 97 122 111 120 76 111 105 100
90 86 0 86 85 92 89 109 93 111 105 84 117 76 81 109 79 111 87 102
105 0 113 121 84 108 100 115 100 108 93 86 115 105 114 95 86 99 123 87
104 99 78 79 88 105 87 85 124 83 92 107 76 78 83 104 104 89 76 119
83 94 110 103 117 87 109 108 86 100 109 100 81 90 103 109 85 77 91 103
103 97 0 94 84 120 100 115 118 90 107 124 100 88 106 118 119 107 106 96
0 98 0 0 93 118 103 98 110 100 123 102 106 116 81 78 119 78 124 106
0 0 96 0 89 121 91 75 99 123 97 82 104 78 104 120 111 108 84 111
78 108 0 0 96 76 81 98 116 97 111 84 99 84 79 98 97 124 108 94
104 77 0 104 115 89 118 98 91 114 81 119 90 103 111 85 98 92 77 79
0 0 116 91 109 95 104 104 89 95 90 79 109 94 80 110 109 80 115 108
103 0 0 80 106 110 111 113 112 92 109 93 121 88 86 76 87 98 119 120
