1 1 1 1 1 1 1 1 1 1 1 1 1 1 1 1 1 1 1 1
1 1 1 1 1 1 1 1 1 1 1 1 1 1 1 1 1 1 1 1
11 11 14 11 17 17 5 14 8 17 11 11 14 11 17 14 11 5 8 11
50 25 25 62 37 50 37 37 75 75 75 37 50 75 25 75 50 37 62 50
0 0 75 96 75 123 124 93 79 78 99 109 92 120 111 118 96 102 112 76
124 111 111 0 120 80 99 83 110 97 118 108 111 85 94 115 85 116 99 113
0 0 123 0 120 115 116 109 82 119 102 75 91 92 87 92 81 96 79 122
76 77 92 0 105 100 89 94 80 124 97 103 93 80 103 120 117 83 95 94
0 0 111 0 101 111 106 121 92 89 119 81 76 121 116 93 100 112 94 78
100 114 0 101 91 83 111 81 117 115 78 96 96 87 91 81 94 108 75 97
86 0 99 96 103 79 118 115 103 118 111 82 76 97 77 102 92 101 85 115
101 80 0 95 84 78 88 93 112 107 93 114 96 85 91 116 76 122 80 105
117 90 0 79 90 101 102 122 119 102 82 122 77 98 94 95 80 110 118 114
0 0 84 123 82 88 106 94 116 81 77 88 109 107 90 76 93 111 112 90
81 103 0 0 84 107 93 77 118 105 75 98 89 101 93 84 76 88 78 100
0 0 0 0 111 84 91 94 75 84 106 82 99 102 88 119 124 105 90 119
0 0 102 104 88 86 85 112 102 80 93 96 82 75 113 80 82 124 91 84
112 107 92 105 107 108 93 80 123 75 89 75 85 76 116 124 94 91 81 116
121 0 0 99 84 108 80 107 111 124 95 89 124 76 90 97 117 123 118 124
98 0 0 0 113 79 94 98 110 95 110 105 100 121 106 77 112 98 104 106
