1 1 1 1 1 1 1 1 1 1 1 1 1 1 1 1 1 1 1 1
1 1 1 1 1 1 1 1 1 1 1 1 1 1 1 1 1 1 1 1
11 14 8 5 5 14 5 14 5 11 11 8 17 11 14 14 14 8 17 17
75 25 75 25 25 75 37 25 25 37 75 50 62 75 50 25 75 75 50 25
83 0 98 122 113 81 87 90 116 80 102 113 88 93 122 100 93 124 86 106
0 113 0 0 110 120 124 115 106 111 78 108 92 114 104 83 97 113 92 107
75 0 84 0 109 118 88 106 89 75 90 92 100 79 108 84 82 117 113 117
0 0 119 121 120 122 110 96 100 77 87 122 83 81 109 100 104 97 84 112
82 89 0 0 93 81 92 109 80 88 107 102 85 78 116 82 118 124 112 90
104 0 105 0 114 84 81 97 89 82 96 98 112 84 118 123 117 82 99 110
0 0 0 103 76 119 108 117 118 97 98 120 85 106 79 78 84 124 78 83
104 96 85 0 111 87 104 92 82 76 113 97 107 107 124 81 88 75 108 79
0 0 0 0 109 116 108 98 116 93 115 106 107 121 108 82 123 109 81 80
0 81 84 110 117 90 114 76 87 110 83 107 85 110 85 110 120 110 114 112
0 85 0 97 99 75 116 106 84 79 94 115 94 120 111 106 88 113 82 83
97 83 0 83 92 94 107 87 121 110 104 79 89 114 85 101 89 119 95 120
0 80 96 106 109 76 92 113 95 85 91 79 91 96 89 114 86 82 121 105
0 83 0 0 111 83 76 76 116 116 95 106 88 124 114 88 113 81 100 120
0 0 0 0 87 115 76 92 123 111 84 107 111 110 112 87 83 99 87 75
92 0 119 0 103 121 117 109 76 88 81 117 102 120 82 79 113 103 111 84
