1 1 1 1 1 1 1 1 1 1 1 1 1 1 1 1 1 1 1 1
1 1 1 1 1 1 1 1 1 1 1 1 1 1 1 1 1 1 1 1
11 17 11 8 14 8 5 17 17 14 8 14 11 17 14 5 11 14 14 14
50 75 50 62 62 37 75 50 25 37 62 50 62 37 25 50 50 50 62 37
103 0 0 122 97 89 94 98 97 89 107 86 119 94 88 76 120 103 84 118
96 82 87 0 106 121 111 82 111 76 83 89 93 79 98 99 91 78 99 82
0 0 75 81 80 97 106 91 81 106 101 105 115 78 85 90 80 84 77 95
0 98 0 84 95 100 121 99 111 84 98 115 83 103 112 112 108 97 108 117
0 0 88 0 85 97 122 109 121 119 78 118 97 103 85 90 114 113 82 82
0 99 77 0 87 81 108 80 104 87 121 81 117 88 78 111 88 92 121 102
75 0 0 92 103 122 81 123 116 114 97 113 120 116 100 85 111 106 108 110
76 0 109 121 116 75 110 96 104 77 122 84 105 86 85 88 99 92 86 87
82 0 114 0 90 94 110 105 105 119 92 114 98 81 95 117 87 85 115 104
105 95 111 0 78 79 107 78 91 93 116 106 97 113 95 85 94 86 98 79
77 0 104 0 106 103 87 97 122 117 123 78 78 75 106 118 114 96 98 76
113 118 90 88 116 95 104 112 88 119 79 84 97 86 96 117 124 87 81 98
0 122 120 109 114 98 76 116 76 79 114 96 121 90 79 107 98 114 109 89
98 84 0 93 81 101 90 95 106 118 104 108 106 119 89 109 110 81 107 104
76 104 105 0 95 119 100 122 88 121 112 124 79 79 76 122 93 121 93 113
107 97 0 79 76 98 77 108 90 79 111 75 112 88 100 124 110 120 109 84
