1 1 1 1 1 1 1 1 1 1 1 1 1 1 1 1 1 1 1 1
1 1 1 1 1 1 1 1 1 1 1 1 1 1 1 1 1 1 1 1
5 5 11 17 5 17 17 11 5 5 17 8 17 14 11 14 14 17 11 17
62 25 25 37 50 75 50 62 62 37 25 25 75 62 50 37 50 37 62 75
85 0 76 0 78 99 114 76 81 86 96 101 113 90 117 114 93 104 98 93
0 113 0 0 76 112 119 99 75 111 110 79 101 123 106 117 78 84 113 106
0 0 109 0 101 96 121 98 118 122 81 100 108 105 75 87 88 108 106 107
77 0 0 112 103 110 96 118 111 87 95 124 111 76 91 83 119 77 87 89
0 122 86 103 106 107 91 89 93 118 82 106 123 104 117 113 98 86 90 119
0 0 118 0 84 84 83 105 104 104 87 80 92 124 82 107 97 122 100 90
91 78 0 115 99 112 96 117 101 112 84 120 81 123 124 89 100 81 78 106
95 92 0 102 75 99 122 77 100 107 117 75 86 93 82 119 92 109 77 108
89 0 0 0 116 103 95 121 91 123 78 110 80 114 99 89 110 104 108 97
0 103 117 0 96 122 108 112 101 95 98 113 108 78 93 76 110 78 88 124
118 100 103 0 110 97 104 78 77 102 120 94 109 75 87 105 81 122 124 105
83 0 86 101 106 115 91 94 89 97 80 118 113 93 90 80 97 108 82 118
98 122 84 77 108 79 98 99 89 111 85 90 102 123 105 80 86 75 119 85
77 85 75 89 117 78 108 108 83 110 92 93 112 105 99 107 100 104 102 86
118 86 92 92 83 100 108 104 91 121 75 88 101 79 81 102 116 82 118 102
0 95 116 90 87 83 83 111 96 86 122 113 113 124 107 84 82 124 111 118
