1 1 1 1 1 1 1 1 1 1 1 1 1 1 1 1 1 1 1 1
1 1 1 1 1 1 1 1 1 1 1 1 1 1 1 1 1 1 1 1
5 11 14 14 14 14 8 5 11 14 11 17 11 17 11 17 11 14 17 5
75 37 62 75 25 62 37 37 25 62 62 25 25 37 50 75 62 25 50 50
0 0 90 102 120 103 105 121 105 80 122 117 105 93 121 112 89 78 116 76
0 113 0 0 84 75 111 94 85 93 109 103 90 101 76 91 96 83 119 121
0 109 79 99 119 88 124 103 106 77 85 115 84 81 111 90 110 95 106 115
0 0 122 122 84 100 99 111 106 103 79 106 96 117 113 123 87 115 95 102
0 0 99 100 96 90 111 114 112 106 108 97 104 99 83 99 104 117 95 120
92 115 0 81 106 103 114 95 93 86 118 109 79 114 114 120 78 101 87 99
106 0 109 101 85 94 97 116 119 79 114 97 101 85 118 90 121 105 121 89
118 84 81 0 78 117 122 121 104 102 87 116 85 87 116 99 104 94 118 103
0 0 0 103 102 89 122 96 79 81 104 108 89 110 76 118 89 77 90 101
82 0 0 76 93 92 102 94 79 83 124 96 110 107 119 103 109 119 117 86
0 80 0 0 91 94 120 75 114 119 101 92 94 87 108 107 86 97 115 90
0 0 116 0 86 124 92 103 100 87 94 85 113 105 124 93 88 111 103 119
0 90 0 0 97 101 103 77 113 95 112 85 93 76 118 80 102 85 101 75
0 77 0 0 93 121 98 75 100 75 106 91 109 80 91 96 102 113 107 93
79 99 0 0 81 82 120 106 98 97 116 79 101 96 118 91 96 93 83 123
0 85 84 0 78 122 119 90 88 92 118 100 112 96 85 77 88 82 104 106
