1 1 1 1 1 1 1 1 1 1 1 1 1 1 1 1 1 1 1 1
1 1 1 1 1 1 1 1 1 1 1 1 1 1 1 1 1 1 1 1
11 17 11 14 5 5 5 17 17 5 5 17 11 17 11 8 5 14 14 8
75 50 25 37 25 37 25 50 50 37 50 75 62 75 75 37 62 50 37 75
93 0 94 76 110 122 124 75 117 85 84 97 79 95 121 117 108 111 107 118
121 0 123 104 86 88 104 96 84 92 85 75 80 118 79 106 106 112 87 113
0 0 0 117 98 81 94 91 114 76 96 108 117 109 78 80 96 110 110 87
86 83 97 90 104 86 81 83 104 77 101 99 109 90 111 91 84 87 102 86
0 75 0 0 83 86 120 78 118 78 109 111 123 109 92 121 92 106 114 80
110 0 107 0 85 96 116 120 94 123 91 114 106 121 97 105 86 89 82 109
0 0 85 0 107 83 113 95 106 110 105 93 108 76 87 89 113 121 102 110
0 106 118 0 109 115 120 94 77 104 90 77 120 106 84 87 81 101 107 87
118 0 0 0 95 76 113 78 102 119 89 103 99 86 119 116 98 99 120 109
0 113 0 0 103 102 98 105 101 98 124 106 95 107 85 92 94 83 111 99
0 86 114 0 77 115 111 108 89 99 114 108 100 101 100 85 107 91 80 76
98 102 0 0 96 112 104 80 86 80 96 98 110 96 76 106 108 95 111 103
0 0 87 0 124 80 111 78 116 78 124 104 85 98 113 101 116 85 123 116
96 0 82 93 109 98 76 96 97 95 83 88 90 92 122 86 104 109 96 91
0 0 0 86 116 106 111 113 87 105 108 107 77 91 99 93 120 122 100 109
0 0 109 0 121 99 111 99 104 114 77 82 101 113 81 121 80 101 103 117
