1 1 1 1 1 1 1 1 1 1 1 1 1 1 1 1 1 1 1 1
1 1 1 1 1 1 1 1 1 1 1 1 1 1 1 1 1 1 1 1
5 14 5 11 14 5 17 14 14 14 8 17 11 8 11 5 14 8 17 8
62 62 25 62 62 37 62 62 50 25 62 62 62 25 50 37 25 75 50 25
113 106 99 0 111 91 109 121 101 92 98 114 123 116 83 116 121 106 78 78
90 104 76 0 104 123 122 99 104 115 103 113 92 98 82 102 103 99 102 107
0 0 0 87 92 90 102 89 118 94 106 112 86 88 97 94 104 96 93 120
0 0 102 91 98 82 90 76 114 78 109 121 83 108 75 95 98 112 98 107
113 104 110 0 98 123 114 100 95 124 98 98 123 82 113 119 108 118 89 113
105 96 0 107 124 79 102 104 114 119 96 77 119 119 81 90 111 107 80 118
98 97 0 0 122 87 79 116 113 120 119 119 103 105 96 88 97 77 81 124
0 0 0 0 87 107 97 86 87 116 108 93 99 108 87 109 122 95 112 99
0 116 80 113 121 89 105 103 110 112 79 120 117 108 87 95 96 114 75 110
114 121 78 0 115 116 124 80 107 123 119 108 103 82 91 108 108 90 118 111
109 120 0 0 100 124 97 97 88 109 84 117 112 95 110 79 75 118 110 111
97 124 0 0 86 112 76 95 87 75 121 82 87 121 122 121 105 76 99 102
113 78 98 124 107 87 115 93 75 97 95 100 96 99 122 92 81 81 114 75
115 0 120 105 95 114 87 98 119 93 86 97 78 86 103 120 88 96 87 97
0 0 95 0 122 79 91 93 109 81 120 105 89 88 100 122 95 86 77 87
115 102 0 0 102 109 113 101 87 97 118 77 76 96 124 118 120 82 124 110
