1 1 1 1 1 1 1 1 1 1 1 1 1 1 1 1 1 1 1 1
1 1 1 1 1 1 1 1 1 1 1 1 1 1 1 1 1 1 1 1
5 17 5 8 5 5 8 17 8 11 5 14 5 14 11 5 8 17 8 11
75 37 62 25 50 75 25 25 75 50 62 62 37 50 50 37 75 37 62 62
0 0 0 116 98 106 123 119 101 95 104 84 92 99 112 120 113 78 109 112
0 0 114 0 87 86 97 82 117 99 87 120 111 95 109 84 120 83 115 115
0 124 0 0 98 105 114 83 86 84 76 90 122 101 112 89 115 96 118 92
0 113 0 0 88 95 95 108 78 95 118 77 109 92 96 121 102 114 84 115
0 114 0 86 80 82 95 87 90 102 103 97 106 103 88 101 122 107 102 87
96 0 0 0 90 87 108 121 85 123 81 80 95 96 93 124 85 105 91 102
0 114 0 0 115 82 76 121 100 114 97 84 123 80 104 124 76 75 87 109
89 110 0 90 108 112 112 107 121 78 92 86 88 95 124 75 93 124 97 110
98 0 0 114 78 111 113 102 90 98 98 105 88 90 77 85 112 90 90 81
78 108 124 103 98 121 83 104 116 122 76 91 89 90 94 78 115 120 120 75
0 92 120 83 121 102 113 86 113 106 79 122 87 77 104 103 89 88 90 119
119 0 0 0 102 78 108 116 75 96 88 88 117 103 94 98 110 87 101 111
0 0 0 0 76 90 122 106 93 102 115 77 95 109 84 114 87 82 81 117
0 88 0 105 81 86 85 81 121 120 123 113 123 124 89 93 82 105 111 85
110 0 123 108 98 106 81 106 118 116 88 118 109 113 123 104 106 121 119 96
0 112 107 83 98 88 114 90 110 110 96 98 76 89 109 102 77 104 122 96
