1 1 1 1 1 1 1 1 1 1 1 1 1 1 1 1 1 1 1 1
1 1 1 1 1 1 1 1 1 1 1 1 1 1 1 1 1 1 1 1
11 17 17 11 14 17 5 11 8 11 5 17 17 17 17 5 8 5 5 14
50 75 62 75 50 50 62 25 62 25 37 62 37 50 62 50 50 62 50 37
124 0 103 0 113 93 118 108 95 121 102 77 124 123 95 77 94 104 98 119
0 109 83 0 110 104 79 87 90 97 80 86 89 117 124 107 110 113 112 105
0 0 88 91 103 98 75 124 89 102 76 118 87 95 90 80 96 95 103 111
0 79 0 83 119 109 82 88 119 105 82 107 120 95 123 91 79 119 103 95
120 0 0 0 78 90 121 110 90 113 111 105 115 108 105 124 92 116 91 113
120 0 0 113 87 108 111 97 86 82 103 101 102 79 76 97 78 122 85 110
108 0 0 0 116 122 123 86 102 82 86 113 98 120 81 79 112 98 87 104
0 0 88 104 92 105 94 121 123 98 104 90 122 88 101 79 104 120 111 98
94 91 0 107 114 116 120 80 106 89 83 124 111 88 107 116 78 97 110 103
0 113 84 0 83 120 78 108 84 108 102 111 122 84 108 110 99 85 97 83
0 91 84 104 104 92 82 105 96 77 101 102 84 108 90 109 79 119 101 83
0 82 0 114 114 80 85 93 108 89 88 102 100 78 117 102 112 124 105 100
0 122 113 0 96 99 121 98 99 89 85 92 82 118 117 91 95 118 93 91
87 0 0 78 98 109 90 87 108 77 111 112 77 82 112 90 103 116 121 98
112 0 93 0 89 104 88 101 75 108 83 102 124 121 113 118 103 76 118 100
118 90 120 121 86 104 121 111 122 88 105 119 122 112 81 80 97 94 119 92
