1 1 1 1 1 1 1 1 1 1 1 1 1 1 1 1 1 1 1 1
1 1 1 1 1 1 1 1 1 1 1 1 1 1 1 1 1 1 1 1
14 17 11 14 17 11 17 8 5 17 8 14 14 17 8 11 17 17 8 5
25 75 62 50 50 75 62 62 62 62 37 25 25 37 75 62 75 37 62 50
0 93 78 122 120 83 99 120 89 79 107 104 119 94 98 80 111 115 112 104
0 78 0 0 90 94 89 89 92 78 86 83 114 77 98 113 114 83 87 90
115 85 83 0 99 108 80 90 93 104 100 108 78 93 106 86 114 96 93 98
0 0 118 93 77 89 76 90 121 106 109 80 78 104 95 105 122 119 110 113
89 101 87 104 99 109 84 78 119 80 102 109 111 102 104 91 115 106 83 84
0 90 0 0 93 81 115 110 93 96 112 112 92 103 106 120 117 87 85 122
0 113 0 85 115 86 118 82 120 89 101 77 101 100 102 76 75 116 114 98
118 0 88 0 107 80 108 106 111 100 114 106 88 103 89 117 113 87 97 100
111 99 0 106 75 107 80 79 112 89 120 124 81 94 104 96 79 116 124 85
0 99 95 0 83 102 106 93 108 118 80 86 91 88 105 98 85 88 79 95
92 102 103 0 124 82 100 87 77 87 116 123 109 114 121 94 102 94 84 95
94 114 81 106 120 92 76 109 111 97 99 85 112 119 106 82 80 110 90 113
102 87 0 0 75 102 119 105 100 81 99 75 123 120 123 122 75 98 82 104
0 0 108 0 113 96 108 107 118 100 100 83 88 92 77 122 81 109 78 123
100 0 113 101 81 83 98 121 98 103 107 123 87 81 105 105 111 93 82 97
0 81 113 0 99 118 103 89 98 90 85 120 82 85 119 109 116 118 86 109
