1 1 1 1 1 1 1 1 1 1 1 1 1 1 1 1 1 1 1 1
1 1 1 1 1 1 1 1 1 1 1 1 1 1 1 1 1 1 1 1
11 17 5 8 11 14 8 14 8 11 11 17 17 8 17 5 14 14 14 8
200 250 300 200 300 300 250 100 250 200 200 100 100 300 100 250 200 300 300 100
96 0 0 0 100 85 119 82 95 77 94 84 82 98 109 98 97 102 92 121
120 0 0 0 93 93 104 76 124 78 93 109 87 104 93 86 124 87 114 94
0 0 83 123 112 88 76 117 92 75 77 83 82 89 112 120 102 121 85 111
119 0 0 0 92 111 89 93 123 90 102 113 111 89 96 120 109 111 113 80
0 0 0 0 118 109 96 107 116 118 102 112 108 84 111 111 83 81 97 108
121 82 0 0 81 86 111 95 110 122 122 92 104 101 85 104 112 90 108 105
0 0 107 124 84 112 89 115 108 88 103 117 114 83 115 93 108 104 114 89
0 0 0 0 78 75 115 118 94 119 98 76 121 104 105 75 77 97 92 87
86 0 0 118 108 98 116 90 83 104 113 115 85 110 111 115 86 106 96 116
107 0 0 86 80 96 101 88 76 75 115 86 84 94 97 95 122 103 116 93
0 0 115 0 80 119 85 118 107 81 83 119 91 90 124 110 80 95 87 116
117 0 0 106 108 106 115 89 88 110 121 113 81 123 84 115 75 93 89 116
0 0 122 123 106 113 105 88 115 112 99 102 89 104 83 85 78 100 103 111
116 121 0 0 122 98 86 122 77 89 115 88 102 123 89 106 90 104 96 117
0 0 0 104 102 89 88 118 107 107 111 101 91 121 82 103 92 94 107 111
0 88 96 75 115 111 101 80 80 122 122 95 88 114 91 121 77 107 118 102
