1 1 1 1 1 1 1 1 1 1 1 1 1 1 1 1 1 1 1 1
1 1 1 1 1 1 1 1 1 1 1 1 1 1 1 1 1 1 1 1
5 5 14 5 11 5 8 17 17 5 11 5 8 17 14 5 5 14 17 17
300 300 100 250 150 200 300 200 200 150 150 100 300 250 100 250 150 200 250 250
0 0 0 0 114 116 83 99 88 90 115 87 118 78 105 118 83 84 119 92
0 82 116 0 120 95 91 94 114 88 102 81 93 108 116 95 114 78 118 115
80 0 120 77 103 100 94 124 121 115 93 106 78 124 120 88 116 110 85 114
84 116 0 0 115 90 83 103 88 81 119 88 104 95 89 122 102 84 110 113
83 0 87 90 86 98 107 83 79 85 83 94 106 92 101 120 91 119 123 112
0 0 0 0 87 120 77 89 82 123 117 108 124 117 83 91 94 78 76 95
104 103 82 88 93 95 123 85 77 99 83 89 113 80 79 107 83 114 93 105
116 0 0 0 119 98 115 106 121 100 82 80 113 113 76 107 83 111 113 92
0 0 121 0 79 98 114 106 102 100 92 82 103 83 93 81 96 81 96 118
108 0 114 0 93 76 86 89 104 77 100 113 92 111 117 97 115 114 107 105
90 88 0 0 83 106 98 100 108 121 86 124 102 101 93 87 86 77 90 116
116 0 100 0 117 86 94 82 87 112 77 106 123 99 82 80 92 123 99 79
0 110 0 92 78 78 85 79 122 106 90 101 110 84 78 97 118 115 123 109
86 0 0 0 81 96 90 87 78 91 92 109 103 119 81 97 86 111 82 77
0 95 78 112 78 110 75 109 87 112 85 114 94 88 81 106 89 123 103 83
0 0 124 0 90 105 86 103 120 87 79 79 93 92 111 80 111 92 119 103
