1 1 1 1 1 1 1 1 1 1 1 1 1 1 1 1 1 1 1 1
1 1 1 1 1 1 1 1 1 1 1 1 1 1 1 1 1 1 1 1
11 5 17 5 17 14 11 14 8 5 17 5 8 17 17 17 5 17 8 8
200 150 200 150 100 100 150 100 100 300 300 200 250 100 300 200 150 300 150 200
0 105 0 0 82 75 116 121 114 106 121 104 81 86 90 76 89 102 107 91
88 0 0 112 75 80 90 88 76 78 107 76 81 77 87 99 99 88 79 97
0 109 113 0 109 103 80 106 110 109 104 114 103 89 104 101 80 121 105 102
0 0 110 0 111 82 75 78 109 78 116 80 120 88 75 110 121 111 106 108
0 0 0 86 93 105 122 109 94 116 107 107 88 122 86 95 80 76 92 100
0 119 0 78 75 120 85 89 98 120 115 104 114 115 86 123 113 86 88 90
0 82 115 91 113 124 81 76 84 113 76 95 121 119 91 86 82 81 100 102
0 0 0 0 82 100 117 99 103 92 108 92 86 111 122 106 109 107 92 81
0 0 75 0 81 121 99 97 101 107 94 119 118 95 90 97 96 97 76 86
0 0 0 94 98 91 88 116 103 124 79 115 111 85 111 109 111 105 82 85
0 81 0 0 90 92 101 86 83 100 105 84 102 83 88 119 116 94 100 78
114 85 121 0 92 118 97 77 89 97 102 80 122 83 109 89 123 107 99 105
104 78 0 0 86 111 123 92 84 80 99 119 110 101 95 102 86 80 120 109
90 0 122 81 112 124 98 95 99 115 76 75 107 91 100 90 102 114 117 116
0 110 95 0 77 121 115 107 122 102 100 117 93 99 114 89 120 92 92 113
0 0 105 78 108 110 92 103 76 96 97 102 79 113 124 124 97 124 105 106
