1 1 1 1 1 1 1 1 1 1 1 1 1 1 1 1 1 1 1 1
1 1 1 1 1 1 1 1 1 1 1 1 1 1 1 1 1 1 1 1
5 5 14 11 11 17 8 17 11 5 5 17 17 14 17 11 11 5 8 11
150 150 100 250 300 150 250 300 300 250 300 250 150 100 150 100 250 250 150 100
87 0 111 81 121 87 118 105 101 105 101 109 117 105 101 101 116 94 116 81
107 0 0 123 85 98 108 114 124 123 111 118 83 94 108 83 80 113 82 97
93 0 0 86 112 88 104 84 95 113 102 107 113 83 82 81 96 93 78 91
107 98 0 0 90 108 89 112 115 96 103 75 106 79 98 83 96 111 82 99
116 76 0 111 82 86 109 92 98 79 119 109 84 121 81 121 80 87 86 107
106 0 0 0 82 114 89 117 95 113 84 104 120 88 91 103 95 123 80 95
112 116 109 0 99 89 124 76 90 94 123 84 86 110 111 80 86 85 103 121
0 119 0 0 93 93 118 111 111 120 104 107 103 97 78 116 118 122 83 102
0 0 106 107 120 94 119 114 88 78 123 117 77 83 95 107 111 88 114 77
0 106 98 0 110 117 121 92 106 76 122 117 96 105 102 88 121 102 117 82
102 102 92 0 102 87 98 102 122 101 124 89 124 116 99 112 107 104 84 96
0 89 0 0 85 79 100 119 78 107 114 117 111 99 81 111 100 77 88 77
122 0 119 0 106 88 90 83 113 109 120 123 78 97 99 121 101 94 123 103
122 114 91 114 103 114 106 122 104 92 77 101 121 113 106 82 77 106 122 108
0 0 87 95 119 120 103 108 102 113 121 105 101 95 87 119 88 102 94 96
0 0 106 0 79 80 123 76 101 77 109 118 120 124 112 102 85 95 104 87
