1 1 1 1 1 1 1 1 1 1 1 1 1 1 1 1 1 1 1 1
1 1 1 1 1 1 1 1 1 1 1 1 1 1 1 1 1 1 1 1
11 11 8 14 5 14 11 17 5 11 5 8 14 17 5 5 17 11 5 5
100 250 150 150 100 150 150 200 200 200 300 200 100 100 200 150 150 100 200 150
0 0 87 0 118 90 120 121 86 104 121 111 122 88 105 119 122 112 81 80
113 112 99 101 83 84 86 91 118 115 108 122 82 78 110 86 90 103 104 105
109 0 0 80 102 92 103 118 110 102 82 114 90 78 121 81 109 101 76 89
99 113 101 84 96 83 79 113 115 98 95 108 102 109 87 112 76 107 112 108
76 124 0 80 84 121 117 83 111 96 117 91 84 85 122 76 94 82 112 83
123 0 0 124 123 103 114 113 93 118 108 95 121 102 77 124 123 95 77 94
0 0 75 0 109 83 122 110 104 79 87 90 97 80 86 89 117 124 107 110
108 119 0 0 94 88 91 103 98 75 124 89 102 76 118 87 95 90 80 96
80 124 75 92 79 78 83 119 109 82 88 119 105 82 107 120 95 123 91 79
0 0 100 120 75 120 122 78 90 121 110 90 113 111 105 115 108 105 124 92
93 0 112 120 90 94 113 87 108 111 97 86 82 103 101 102 79 76 97 78
0 0 86 0 112 95 78 116 122 123 86 102 82 86 113 98 120 81 79 112
0 0 113 119 92 88 104 92 105 94 121 123 98 104 90 122 88 101 79 104
87 0 81 94 91 80 107 114 116 120 80 106 89 83 124 111 88 107 116 78
116 108 78 0 113 84 82 83 120 78 108 84 108 102 111 122 84 108 110 99
0 0 0 98 91 84 104 104 92 82 105 96 77 101 102 84 108 90 109 79
