1 1 1 1 1 1 1 1 1 1 1 1 1 1 1 1 1 1 1 1
1 1 1 1 1 1 1 1 1 1 1 1 1 1 1 1 1 1 1 1
5 5 11 11 17 8 8 11 8 14 17 14 5 11 5 5 17 17 5 5
150 100 150 200 150 100 300 200 200 250 100 200 300 150 250 200 250 250 200 300
0 0 0 99 115 102 99 102 102 109 113 101 87 97 118 77 76 96 124 118
92 0 0 0 113 109 102 103 76 123 91 81 111 94 121 84 103 124 108 104
91 89 0 120 103 88 94 75 96 106 80 90 113 110 80 113 120 87 114 111
86 0 115 0 92 119 101 118 83 87 112 109 89 76 111 98 83 76 88 82
0 91 91 0 85 99 103 104 90 110 83 76 102 118 122 91 86 123 86 95
0 82 117 113 106 99 107 111 91 109 121 101 92 98 114 123 116 83 116 121
121 0 0 0 104 76 112 104 123 122 99 104 115 103 113 92 98 82 102 103
105 111 0 75 80 100 87 92 90 102 89 118 94 106 112 86 88 97 94 104
0 103 0 0 107 102 91 98 82 90 76 114 78 109 121 83 108 75 95 98
95 0 0 0 104 110 108 98 123 114 100 95 124 98 98 123 82 113 119 108
78 108 0 105 96 91 107 124 79 102 104 114 119 96 77 119 119 81 90 111
0 90 0 98 97 106 81 122 87 79 116 113 120 119 119 103 105 96 88 97
0 114 0 76 89 95 90 87 107 97 86 87 116 108 93 99 108 87 109 122
87 102 93 0 116 80 113 121 89 105 103 110 112 79 120 117 108 87 95 96
0 108 0 0 121 78 98 115 116 124 80 107 123 119 108 103 82 91 108 108
0 0 0 109 120 96 86 100 124 97 97 88 109 84 117 112 95 110 79 75
