1 1 1 1 1 1 1 1 1 1 1 1 1 1 1 1 1 1 1 1
1 1 1 1 1 1 1 1 1 1 1 1 1 1 1 1 1 1 1 1
17 8 14 8 14 11 8 17 17 11 11 8 17 11 11 14 14 8 5 14
200 250 300 100 200 300 100 200 200 250 150 300 100 150 250 300 100 250 100 300
0 123 0 0 97 123 97 116 95 118 119 84 99 86 80 119 102 98 100 105
0 119 0 0 90 116 112 80 102 88 77 104 107 109 75 86 117 100 102 85
82 0 82 92 76 117 112 124 118 106 83 102 123 109 81 108 106 86 87 82
117 0 0 79 93 123 79 97 111 123 101 81 94 81 110 107 76 100 93 77
0 0 0 116 114 119 115 81 75 80 93 103 119 105 112 77 102 111 113 123
0 102 105 0 102 82 112 119 102 119 108 75 95 78 89 123 107 112 102 116
0 102 0 114 107 114 76 105 121 75 92 87 82 95 86 116 98 82 108 113
0 0 86 0 124 121 102 88 75 119 119 96 91 101 109 94 110 89 83 101
102 0 95 0 100 109 106 123 78 112 111 87 96 122 113 116 96 93 99 102
0 0 78 0 95 93 118 123 87 95 96 109 117 107 102 110 122 97 77 107
113 98 95 0 117 117 78 102 121 86 118 103 121 102 110 104 104 107 84 119
114 86 105 99 107 95 121 110 116 86 101 99 113 81 88 99 76 86 107 123
105 0 0 85 81 122 102 89 78 93 118 119 86 106 93 85 90 96 119 88
98 0 0 105 97 109 101 90 86 124 91 88 102 88 102 105 106 88 76 86
0 93 0 0 91 104 114 89 110 109 76 120 77 94 85 99 109 99 119 76
0 0 104 0 79 104 117 76 117 117 85 100 79 112 104 81 122 85 110 78
