1 1 1 1 1 1 1 1 1 1 1 1 1 1 1 1 1 1 1 1
1 1 1 1 1 1 1 1 1 1 1 1 1 1 1 1 1 1 1 1
5 8 8 11 17 17 11 8 14 8 5 17 17 14 11 17 5 11 17 11
250 200 200 150 200 100 300 100 200 100 200 150 200 300 250 100 250 150 300 300
101 105 0 0 106 93 87 92 96 97 98 112 107 120 95 83 76 124 98 110
0 0 0 0 84 79 118 97 81 101 122 81 117 90 101 75 121 122 80 112
81 113 97 76 122 109 105 115 100 101 84 87 113 101 92 95 113 115 80 91
0 75 121 86 100 78 92 80 111 123 98 86 117 79 124 86 88 111 109 112
78 0 0 0 81 110 118 104 108 90 120 87 124 78 116 89 88 124 115 84
0 118 0 0 96 93 104 87 83 100 100 93 76 108 105 105 89 100 92 105
0 120 0 0 84 105 85 102 75 80 77 115 113 78 107 115 88 116 91 105
79 0 114 99 98 81 119 110 102 114 94 83 124 96 103 114 76 109 110 111
0 77 0 105 120 86 122 91 121 97 112 123 106 111 112 116 112 80 119 97
0 106 0 0 122 82 77 77 98 75 109 115 99 119 113 106 119 75 76 75
80 124 83 0 95 117 83 94 77 83 105 80 77 92 80 87 114 77 104 109
0 0 0 0 105 89 104 109 88 121 84 81 103 87 121 116 104 85 120 114
0 100 117 0 118 116 114 98 83 104 75 117 112 91 80 91 121 115 102 105
100 0 0 0 82 122 120 93 100 112 97 97 111 116 108 87 78 100 85 122
118 94 0 124 121 121 79 97 92 82 91 104 124 102 106 99 103 111 80 84
0 0 0 103 110 102 107 113 77 117 100 116 121 91 124 101 95 82 115 103
