1 1 1 1 1 1 1 1 1 1 1 1 1 1 1 1 1 1 1 1
1 1 1 1 1 1 1 1 1 1 1 1 1 1 1 1 1 1 1 1
8 5 17 5 17 11 8 11 14 5 17 11 11 8 11 11 14 11 17 11
300 200 250 100 150 250 150 150 250 100 150 250 200 300 100 100 150 100 100 100
0 90 0 0 112 79 76 109 79 97 94 120 78 124 113 98 83 113 94 98
0 91 0 0 117 121 78 115 106 85 88 116 117 118 91 111 103 91 102 104
98 0 0 0 105 92 84 117 109 93 110 85 78 118 105 122 103 81 106 106
0 0 0 0 97 96 100 78 106 84 102 101 99 115 96 117 117 90 94 104
92 0 0 0 124 90 79 77 87 96 109 79 79 94 90 75 95 106 97 76
0 0 93 0 124 102 84 110 86 104 105 124 119 79 109 84 117 106 122 114
88 0 116 0 103 92 94 91 85 78 114 108 80 76 122 124 109 85 119 75
0 76 91 105 84 84 99 105 80 99 86 88 99 92 81 113 118 107 88 82
102 0 110 0 97 76 109 115 110 121 97 102 113 114 105 114 80 105 122 119
122 96 122 0 108 104 85 95 77 101 92 105 102 107 82 104 108 122 118 100
0 0 120 101 114 121 123 82 122 96 79 82 90 81 118 89 106 86 79 107
0 96 0 114 95 107 101 112 109 114 96 93 106 123 91 92 124 110 124 88
0 96 0 0 114 78 79 117 108 83 103 109 110 83 98 91 106 120 109 111
103 110 0 103 90 103 79 100 103 104 118 75 111 85 110 112 103 109 118 102
0 83 0 117 117 100 108 124 103 111 75 96 108 112 119 88 99 94 104 101
0 0 0 98 124 122 122 106 117 79 104 88 109 82 123 122 95 124 108 90
