1 1 1 1 1 1 1 1 1 1 1 1 1 1 1 1 1 1 1 1
1 1 1 1 1 1 1 1 1 1 1 1 1 1 1 1 1 1 1 1
17 17 11 17 8 5 14 17 14 14 17 17 11 14 14 14 11 5 11 8
100 300 200 150 150 100 200 150 200 150 100 100 250 100 300 250 200 250 150 100
0 0 0 108 110 95 84 91 117 80 117 77 112 100 112 116 102 76 90 123
87 0 0 107 113 75 100 114 87 75 95 95 98 83 97 105 79 107 99 80
0 112 118 77 123 98 76 114 84 82 93 116 96 110 123 109 119 88 76 97
78 0 0 123 103 103 94 97 119 114 121 98 114 88 92 112 80 108 95 97
0 0 85 0 118 100 116 76 83 123 93 94 108 91 87 93 77 87 75 103
117 0 105 0 96 106 108 116 118 95 76 80 114 97 118 121 86 124 102 114
85 0 0 0 94 104 97 86 86 120 120 111 91 120 95 94 118 87 117 104
118 103 0 0 122 123 93 89 117 99 115 121 75 87 88 103 115 80 79 117
0 119 101 0 113 123 88 102 100 92 105 81 82 104 102 86 122 94 86 107
105 81 0 0 82 78 113 98 123 88 87 116 116 75 106 108 79 79 100 111
78 0 93 0 105 108 117 97 75 103 124 96 85 82 116 108 96 87 115 84
95 99 0 0 123 75 90 123 88 107 78 82 100 119 118 77 101 102 76 81
0 82 0 80 84 102 103 96 98 90 101 77 118 96 80 94 81 119 80 78
0 108 0 0 119 122 86 102 82 104 92 75 123 88 80 103 91 112 99 88
0 97 0 75 80 81 83 89 115 94 119 108 120 93 111 86 110 92 108 78
90 0 83 0 100 107 121 105 79 85 90 100 84 103 77 110 118 119 102 119
