1 1 1 1 1 1 1 1 1 1 1 1 1 1 1 1 1 1 1 1
1 1 1 1 1 1 1 1 1 1 1 1 1 1 1 1 1 1 1 1
14 17 14 11 14 8 5 14 14 11 5 5 17 5 11 5 5 5 8 14
150 300 100 250 300 100 250 200 250 150 300 300 200 200 100 200 300 100 100 250
0 112 0 116 80 94 103 92 104 102 106 102 85 114 78 81 107 114 84 95
87 84 0 0 98 96 123 96 111 110 80 96 108 76 119 104 96 114 79 119
106 122 0 0 100 102 98 89 82 115 96 112 117 84 88 76 78 123 116 115
83 104 0 0 89 110 91 99 97 108 97 123 107 118 99 87 85 97 115 118
0 103 82 75 101 116 117 79 80 80 107 108 83 78 89 82 103 82 115 109
0 0 0 86 84 88 83 117 112 85 88 117 110 97 76 109 86 103 89 87
0 0 0 85 111 89 105 114 78 88 111 86 93 120 106 97 79 115 84 113
80 80 0 86 89 97 117 123 117 107 104 98 81 75 83 92 101 84 101 123
0 113 77 96 86 114 78 121 124 85 89 102 105 117 114 78 78 77 87 106
93 89 0 0 115 122 103 121 107 91 116 121 83 98 111 89 95 100 100 82
75 120 101 112 95 116 101 80 77 124 120 104 94 113 104 82 110 95 99 82
0 0 0 124 78 119 104 82 77 123 112 87 104 107 115 87 92 95 120 105
114 0 109 93 120 85 88 122 113 92 114 76 114 90 75 89 77 103 86 75
0 100 111 80 93 79 83 114 114 82 114 124 99 79 122 93 106 82 82 76
0 112 0 96 87 111 108 86 103 112 119 79 88 107 82 100 79 80 113 78
119 87 0 92 81 86 81 121 82 113 75 82 120 114 86 123 87 89 117 77
