1 1 1 1 1 1 1 1 1 1 1 1 1 1 1 1 1 1 1 1
1 1 1 1 1 1 1 1 1 1 1 1 1 1 1 1 1 1 1 1
17 14 14 8 8 5 17 14 8 11 14 14 17 8 5 5 8 11 8 8
100 150 300 250 150 100 150 200 200 100 250 100 150 250 300 100 300 100 300 100
0 95 0 0 99 107 108 110 114 104 92 113 111 99 99 89 77 102 90 82
0 0 0 110 109 85 90 116 109 123 83 99 119 88 103 121 91 118 109 82
0 0 0 0 84 116 95 114 97 120 89 100 95 94 118 101 89 110 77 100
77 84 0 106 123 106 96 124 114 87 90 77 78 113 102 97 113 90 84 94
0 98 0 119 106 92 112 80 93 82 86 99 117 86 76 75 104 81 105 115
0 0 115 0 110 81 97 110 108 104 104 91 77 106 77 84 123 124 110 81
0 91 115 87 104 108 119 122 120 119 84 107 119 94 77 79 119 83 87 108
0 93 98 0 100 99 122 117 77 100 83 76 99 97 116 110 103 82 109 98
89 0 0 0 91 82 103 77 119 79 91 88 103 76 81 81 120 89 103 79
94 0 83 105 104 115 101 93 99 112 95 97 122 94 104 100 112 96 123 101
103 0 0 0 93 78 82 107 123 91 91 121 99 116 124 104 92 116 102 78
0 83 0 120 104 115 96 90 85 120 119 91 101 79 103 95 91 111 85 99
0 116 85 0 122 113 120 124 93 75 123 123 86 91 85 117 84 116 109 82
122 81 0 0 90 109 93 111 84 86 105 93 97 123 100 101 84 83 122 105
0 75 0 0 90 102 108 77 119 92 82 86 92 117 115 77 92 87 97 78
108 124 0 88 75 112 119 121 86 118 90 80 75 115 109 114 84 122 122 91
