1 1 1 1 1 1 1 1 1 1 1 1 1 1 1 1 1 1 1 1
1 1 1 1 1 1 1 1 1 1 1 1 1 1 1 1 1 1 1 1
17 8 11 8 14 11 17 8 14 17 14 14 5 17 5 17 5 17 5 14
300 150 250 250 150 100 100 150 250 200 300 100 100 100 100 150 200 300 200 200
75 99 120 93 83 108 92 110 78 110 113 97 103 81 119 119 115 104 84 78
91 0 0 94 100 79 122 88 88 113 94 122 86 107 114 81 99 106 117 118
0 109 0 0 90 75 80 116 75 115 122 113 106 96 110 76 77 76 76 84
0 77 77 83 124 83 100 82 106 87 87 108 97 123 122 78 84 98 91 83
109 104 0 0 110 75 120 108 97 121 96 118 106 105 122 75 106 94 99 91
0 0 120 0 124 100 107 93 86 117 79 113 84 78 103 103 113 79 84 94
122 101 103 0 104 112 86 94 102 85 92 85 94 89 124 123 101 80 123 81
0 112 114 0 115 92 100 122 122 94 78 101 92 79 81 76 108 121 104 118
123 83 100 79 98 112 113 113 100 89 115 76 103 119 91 97 85 80 99 107
0 0 122 97 105 99 96 81 108 111 115 114 120 83 110 83 110 82 86 101
0 105 0 0 115 79 102 96 97 96 93 75 111 89 92 106 121 124 86 97
108 93 0 0 114 113 89 87 95 93 121 107 114 89 83 119 116 75 89 103
0 98 0 0 89 103 78 114 93 116 92 96 114 80 93 83 102 106 103 112
0 0 78 94 94 87 120 77 122 112 75 99 98 76 98 88 114 95 106 114
75 0 0 82 96 112 92 93 120 121 93 124 105 87 87 80 115 77 81 112
123 113 102 103 124 121 80 104 96 75 123 113 95 83 75 83 96 110 80 82
