1 1 1 1 1 1 1 1 1 1 1 1 1 1 1 1 1 1 1 1
1 1 1 1 1 1 1 1 1 1 1 1 1 1 1 1 1 1 1 1
17 17 17 5 11 14 17 8 17 8 11 14 14 5 5 17 14 17 8 11
200 250 250 300 150 250 300 300 100 200 150 150 200 150 300 150 200 100 250 300
111 0 0 90 75 108 107 107 98 114 111 79 90 103 94 87 93 113 98 87
89 0 121 85 78 76 111 107 90 89 116 120 121 111 81 107 123 92 110 118
0 0 111 0 87 84 104 82 97 91 103 82 87 84 119 92 100 85 117 106
0 78 102 0 116 119 88 80 107 88 90 107 124 109 109 99 76 79 92 94
103 0 0 87 94 86 116 86 109 110 80 87 89 76 111 80 115 104 77 121
0 114 76 0 118 85 76 95 90 94 120 78 115 100 112 124 85 98 83 107
0 80 0 0 95 83 99 81 87 115 76 84 116 106 84 96 85 107 101 78
0 116 109 97 107 77 93 86 108 102 93 97 120 78 75 118 88 79 97 80
95 98 123 0 78 119 96 86 99 78 116 114 89 113 99 80 111 80 98 77
80 121 0 106 98 96 78 95 112 84 113 97 123 103 100 78 106 121 109 85
123 0 0 0 78 80 109 78 117 103 100 100 108 118 108 97 100 78 89 117
97 0 0 0 92 98 85 119 80 96 103 96 122 102 92 116 107 101 122 112
0 0 118 0 89 104 105 91 115 75 89 124 108 95 115 88 83 88 108 111
0 110 77 0 103 112 99 113 96 93 100 87 82 85 118 92 109 77 104 122
88 112 0 0 104 109 102 86 110 122 82 79 91 80 108 102 84 120 109 87
87 91 0 0 121 104 120 105 87 121 107 90 104 114 86 96 124 104 123 93
