1 1 1 1 1 1 1 1 1 1 1 1 1 1 1 1 1 1 1 1
1 1 1 1 1 1 1 1 1 1 1 1 1 1 1 1 1 1 1 1
11 14 17 14 5 5 11 8 14 8 11 8 14 14 17 17 11 14 5 8
250 250 150 250 150 200 100 100 150 250 200 150 200 300 300 150 100 200 150 100
0 0 0 118 115 85 109 104 121 99 111 99 104 114 77 82 101 113 81 121
99 123 110 0 98 90 82 78 120 75 103 96 78 85 116 103 95 111 102 118
77 0 87 102 102 75 89 78 99 88 85 83 102 117 77 116 91 109 118 119
104 112 0 0 95 86 90 113 121 103 123 112 90 118 107 112 120 90 82 116
111 77 0 119 110 86 89 106 97 113 95 101 111 118 77 117 77 108 95 92
0 0 0 93 112 94 76 110 122 124 75 117 85 84 97 79 95 121 117 108
0 0 86 0 118 123 104 86 88 104 96 84 92 85 75 80 118 79 106 106
0 96 0 0 80 122 117 98 81 94 91 114 76 96 108 117 109 78 80 96
0 112 0 86 83 97 90 104 86 81 83 104 77 101 99 109 90 111 91 84
100 0 84 118 75 120 124 83 86 120 78 118 78 109 111 123 109 92 121 92
89 107 119 0 101 107 106 85 96 116 120 94 123 91 114 106 121 97 105 86
0 104 0 95 116 85 80 107 83 113 95 106 110 105 93 108 76 87 89 113
108 0 0 75 106 118 93 109 115 120 94 77 104 90 77 120 106 84 87 81
75 103 124 118 111 120 80 95 76 113 78 102 119 89 103 99 86 119 116 98
99 0 0 115 113 98 92 103 102 98 105 101 98 124 106 95 107 85 92 94
0 0 0 93 86 114 120 77 115 111 108 89 99 114 108 100 101 100 85 107
