1 1 1 1 1 1 1 1 1 1 1 1 1 1 1 1 1 1 1 1
1 1 1 1 1 1 1 1 1 1 1 1 1 1 1 1 1 1 1 1
17 17 5 11 5 17 11 17 8 14 14 14 8 14 5 5 17 5 8 8
1200 800 600 1200 1200 800 1000 800 1200 400 600 600 400 800 600 1000 1200 600 400 600
120 0 0 92 76 78 75 122 84 122 102 76 116 99 113 106 81 107 89 87
93 107 109 86 110 100 112 114 123 93 111 124 102 98 121 113 80 107 91 90
104 0 116 0 110 87 123 84 103 123 90 87 88 96 117 122 102 88 90 111
0 0 0 106 103 81 86 107 119 76 118 79 78 118 84 122 120 114 121 81
0 120 0 0 112 101 81 121 107 120 78 88 121 78 94 81 96 115 91 91
0 122 0 90 94 107 110 87 122 110 94 108 101 93 91 107 75 103 124 110
0 0 0 123 122 108 112 76 116 82 93 94 98 96 80 93 122 104 99 91
0 0 0 0 90 88 89 119 97 102 86 77 106 80 110 106 78 97 89 84
100 0 97 0 112 110 108 111 118 107 77 94 98 122 117 86 114 104 77 85
0 0 0 115 91 93 77 86 115 97 83 110 121 83 93 80 110 116 106 102
107 88 95 85 116 86 114 75 124 110 105 94 102 94 112 107 119 107 79 77
0 76 0 114 103 83 119 124 91 100 121 117 101 104 90 100 106 93 87 111
91 105 99 0 100 120 76 87 98 96 98 90 88 88 85 96 87 105 110 101
0 83 0 117 100 100 75 105 105 75 78 96 110 111 102 77 93 79 104 124
0 0 122 0 95 79 111 80 114 117 121 109 97 103 81 81 112 122 98 118
0 107 113 0 100 105 120 101 88 105 103 97 106 111 78 88 116 97 105 97
