1 1 1 1 1 1 1 1 1 1 1 1 1 1 1 1 1 1 1 1
1 1 1 1 1 1 1 1 1 1 1 1 1 1 1 1 1 1 1 1
14 11 8 8 17 5 14 8 14 5 8 14 11 5 8 5 14 11 5 11
600 1200 1200 1000 1000 400 800 400 1000 1000 400 1000 400 600 1200 800 400 400 1200 1000
105 0 111 0 106 84 96 108 80 111 121 91 94 120 75 114 119 101 92 94
0 0 0 0 82 82 89 91 85 116 114 86 124 92 103 100 87 94 85 113
0 0 123 0 85 85 100 88 90 109 92 97 101 103 77 113 95 112 85 93
90 0 83 114 123 122 83 79 77 101 101 93 121 98 75 100 75 106 91 109
0 0 0 0 94 94 107 79 99 84 113 81 82 120 106 98 97 116 79 101
0 120 99 90 117 101 80 113 85 84 90 78 122 119 90 88 92 118 100 112
114 0 0 0 89 124 110 98 100 93 79 88 116 108 81 77 101 103 80 79
97 111 96 113 91 122 120 115 122 93 111 124 98 95 123 123 118 99 86 75
0 0 0 95 95 116 88 100 123 90 83 76 115 115 83 115 111 100 100 82
0 0 0 122 86 98 84 108 83 77 106 81 122 93 112 113 101 81 105 118
75 100 0 103 92 95 113 118 90 102 120 103 105 121 105 80 122 117 105 93
0 87 0 76 116 105 100 113 91 103 84 75 111 94 85 93 109 103 90 101
105 83 84 96 98 115 78 109 79 99 119 88 124 103 106 77 85 115 84 81
0 0 89 79 90 96 80 96 122 122 84 100 99 111 106 103 79 106 96 117
92 0 81 0 94 90 123 111 99 100 96 90 111 114 112 106 108 97 104 99
0 80 0 0 92 108 92 115 106 81 106 103 114 95 93 86 118 109 79 114
