1 1 1 1 1 1 1 1 1 1 1 1 1 1 1 1 1 1 1 1
1 1 1 1 1 1 1 1 1 1 1 1 1 1 1 1 1 1 1 1
14 17 17 11 5 8 14 14 11 17 5 17 5 14 8 5 14 17 5 11
600 600 400 600 1000 600 600 1000 600 1200 1000 600 400 400 600 400 800 1200 600 600
0 0 122 80 81 122 124 114 90 105 86 103 120 87 79 79 93 92 111 80
0 94 86 0 95 105 122 107 80 105 84 97 106 90 108 110 103 100 111 118
0 82 87 0 78 88 113 82 123 87 82 80 83 110 118 78 119 112 105 115
99 93 0 0 119 77 76 77 91 120 82 115 92 76 90 79 104 86 117 98
98 0 0 0 86 120 97 77 81 116 100 100 92 94 93 117 79 89 77 76
0 80 0 82 113 99 84 114 116 83 99 88 90 115 87 118 78 105 118 83
0 0 108 0 82 116 91 120 95 91 94 114 88 102 81 93 108 116 95 114
78 0 89 0 76 120 77 103 100 94 124 121 115 93 106 78 124 120 88 116
113 91 88 84 116 87 91 115 90 83 103 88 81 119 88 104 95 89 122 102
0 109 0 0 94 87 90 86 98 107 83 79 85 83 94 106 92 101 120 91
84 0 121 0 93 86 94 87 120 77 89 82 123 117 108 124 117 83 91 94
0 116 95 104 103 82 88 93 95 123 85 77 99 83 89 113 80 79 107 83
0 0 0 116 120 114 86 119 98 115 106 121 100 82 80 113 113 76 107 83
95 0 107 110 111 121 120 79 98 114 106 102 100 92 82 103 83 93 81 96
82 111 113 108 108 114 124 93 76 86 89 104 77 100 113 92 111 117 97 115
0 0 122 90 88 115 82 83 106 98 100 108 121 86 124 102 101 93 87 86
