1 1 1 1 1 1 1 1 1 1 1 1 1 1 1 1 1 1 1 1
1 1 1 1 1 1 1 1 1 1 1 1 1 1 1 1 1 1 1 1
8 8 8 8 11 5 11 11 17 17 5 14 11 14 17 11 5 8 14 14
400 800 1000 1000 1200 1000 600 800 400 1200 1200 800 1200 1200 800 1200 600 1000 800 400
0 88 124 115 84 105 87 97 105 107 122 106 103 114 117 85 107 81 77 96
81 107 120 0 97 118 119 118 77 90 109 94 90 101 103 90 82 100 121 92
105 0 0 0 114 85 111 96 106 100 79 91 100 100 91 123 75 104 103 86
0 113 86 0 95 84 89 114 76 123 93 124 77 116 85 103 113 122 109 86
97 0 0 98 93 91 88 111 75 102 85 94 102 111 91 117 79 117 79 90
0 0 86 81 118 87 76 98 116 86 102 111 101 88 123 100 113 76 112 115
0 96 123 0 78 105 110 108 93 110 81 107 113 104 96 93 91 91 95 105
0 114 0 0 119 77 104 108 90 114 83 104 116 116 104 85 85 105 103 118
109 75 91 0 88 89 124 82 107 101 118 91 112 81 75 122 94 96 105 107
0 0 0 0 96 84 124 120 112 124 84 103 120 75 82 92 85 93 98 105
0 0 0 0 118 102 123 108 88 96 106 81 123 120 115 93 116 114 102 120
0 0 113 0 80 96 93 93 124 124 109 103 97 118 79 115 102 75 77 100
0 0 0 0 106 111 115 78 121 88 102 120 86 120 96 85 117 109 82 96
0 0 84 0 95 111 83 104 84 82 116 116 77 121 103 82 80 105 98 124
100 0 121 0 102 100 120 107 106 100 122 108 86 119 120 82 84 112 88 112
0 0 0 0 98 120 99 108 115 95 123 76 121 120 86 97 84 123 105 86
