1 1 1 1 1 1 1 1 1 1 1 1 1 1 1 1 1 1 1 1
1 1 1 1 1 1 1 1 1 1 1 1 1 1 1 1 1 1 1 1
8 5 17 17 14 14 14 17 5 8 14 14 14 17 17 17 5 14 5 8
1200 1000 1200 400 1000 1200 1000 1000 400 600 400 1000 600 1000 600 1200 400 1200 800 800
0 88 107 77 77 109 92 98 124 122 122 106 117 79 104 88 109 82 123 122
113 0 94 0 100 85 78 81 77 122 108 77 119 104 82 95 114 87 87 114
94 92 87 76 94 103 87 91 114 80 77 76 77 97 100 120 106 83 84 111
96 0 0 0 88 84 119 112 122 75 90 112 82 79 97 92 76 118 116 79
0 0 96 109 108 92 102 81 89 75 97 117 100 85 109 108 122 85 117 101
0 0 86 0 90 86 123 112 79 76 109 79 97 94 120 78 124 113 98 83
0 124 0 92 91 118 80 117 121 78 115 106 85 88 116 117 118 91 111 103
111 81 80 0 85 108 123 105 92 84 117 109 93 110 85 78 118 105 122 103
104 0 118 124 87 105 88 97 96 100 78 106 84 102 101 99 115 96 117 117
0 0 108 0 105 92 118 124 90 79 77 87 96 109 79 79 94 90 75 95
106 84 110 0 81 93 94 124 102 84 110 86 104 105 124 119 79 109 84 117
0 0 0 88 84 116 106 103 92 94 91 85 78 114 108 80 76 122 124 109
119 0 89 75 76 91 105 84 84 99 105 80 99 86 88 99 92 81 113 118
0 93 0 0 99 110 76 97 76 109 115 110 121 97 102 113 114 105 114 80
85 88 100 122 96 122 81 108 104 85 95 77 101 92 105 102 107 82 104 108
0 0 96 0 79 120 101 114 121 123 82 122 96 79 82 90 81 118 89 106
