1 1 1 1 1 1 1 1 1 1 1 1 1 1 1 1 1 1 1 1
1 1 1 1 1 1 1 1 1 1 1 1 1 1 1 1 1 1 1 1
14 8 5 11 8 5 17 17 14 5 8 11 14 8 11 5 17 11 8 14
1000 1200 1200 600 1200 600 600 1200 400 1200 1000 600 600 1200 800 1200 600 800 1200 800
84 114 0 0 120 75 115 105 106 107 109 117 124 117 121 82 83 99 112 115
76 0 102 0 112 108 98 92 81 101 99 83 76 81 102 101 101 109 114 122
0 0 0 0 90 101 96 89 100 99 99 108 88 100 124 100 90 109 107 79
116 0 95 77 85 120 115 83 103 87 75 82 90 102 117 119 123 81 82 99
0 94 118 0 101 79 114 93 95 89 120 124 100 86 109 104 100 79 124 116
0 112 108 0 78 111 116 99 96 96 123 75 121 116 98 76 75 92 83 121
0 0 110 112 117 84 76 96 116 113 99 81 114 95 91 88 82 82 82 96
0 107 0 111 81 84 100 107 111 124 117 112 119 100 99 88 116 115 87 94
75 0 99 96 116 100 101 93 119 109 75 120 122 112 113 87 87 81 88 119
114 107 110 96 99 77 104 85 92 96 110 120 106 92 76 76 91 105 88 97
84 108 109 0 97 124 87 98 85 79 111 108 87 87 119 121 109 87 88 89
0 0 0 118 89 122 103 104 87 92 84 117 88 120 109 115 118 119 82 118
0 0 0 114 90 94 123 88 100 83 108 108 100 108 77 123 81 109 96 84
89 0 112 115 91 121 123 83 106 93 75 118 87 94 83 88 89 110 124 83
83 0 100 0 83 88 82 106 103 98 99 113 112 105 101 88 103 106 85 89
0 103 89 104 77 103 81 75 98 92 109 110 117 95 93 86 102 111 114 91
