1 1 1 1 1 1 1 1 1 1 1 1 1 1 1 1 1 1 1 1
1 1 1 1 1 1 1 1 1 1 1 1 1 1 1 1 1 1 1 1
14 5 5 14 11 5 17 17 17 17 8 5 8 17 11 11 11 8 14 14
600 600 1000 800 400 1000 600 1000 1200 800 1000 1200 600 400 1000 1000 600 1200 600 400
103 117 75 0 86 85 102 92 102 103 89 124 82 100 87 77 87 116 123 109
0 0 115 0 110 96 122 94 114 81 106 120 92 76 109 111 97 99 85 112
0 107 0 0 122 104 103 102 87 100 121 75 102 119 105 100 81 99 75 123
0 0 107 88 119 97 97 80 103 108 92 113 96 108 107 118 100 100 83 88
0 0 101 0 84 78 86 100 119 113 101 81 83 98 121 98 103 107 123 87
109 78 81 82 75 105 124 118 81 113 114 99 118 103 89 98 90 85 120 82
91 0 0 0 91 108 93 120 78 122 114 100 87 109 113 107 106 94 84 106
0 0 95 0 115 103 84 99 88 97 122 108 120 123 109 124 109 84 114 78
76 77 114 77 100 106 90 113 80 116 112 117 117 107 96 106 78 89 104 85
0 0 92 96 89 84 83 80 83 108 102 83 114 90 87 77 114 121 119 105
96 120 96 117 93 120 90 93 78 122 120 83 99 120 89 79 107 104 119 94
118 76 0 98 96 93 88 78 119 110 90 94 89 89 92 78 86 83 114 77
82 0 0 0 104 83 115 85 83 118 99 108 80 90 93 104 100 108 78 93
0 108 0 93 101 87 77 106 118 93 77 89 76 90 121 106 109 80 78 104
0 0 113 0 75 76 89 101 87 104 99 109 84 78 119 80 102 109 111 102
0 0 0 96 77 122 87 90 122 121 93 81 115 110 93 96 112 112 92 103
