1 1 1 1 1 1 1 1 1 1 1 1 1 1 1 1 1 1 1 1
1 1 1 1 1 1 1 1 1 1 1 1 1 1 1 1 1 1 1 1
14 11 14 8 8 5 8 11 14 5 8 11 5 11 17 17 5 8 17 17
1000 600 600 1000 1000 400 600 400 600 400 800 400 400 800 400 1200 400 400 400 1000
89 112 100 0 81 104 88 118 100 103 90 110 97 104 78 77 102 120 94 109
0 0 100 121 121 81 119 83 104 86 101 106 115 91 94 89 97 80 118 113
77 107 0 0 120 91 94 98 122 84 77 108 79 98 99 89 111 85 90 102
76 0 0 0 77 119 102 77 85 75 89 117 78 108 108 83 110 92 93 112
0 0 124 96 121 121 78 118 86 92 92 83 100 108 104 91 121 75 88 101
102 102 0 0 104 99 113 86 95 116 90 87 83 83 111 96 86 122 113 113
0 101 0 0 118 106 110 96 86 94 88 118 110 103 102 101 100 85 116 87
0 0 0 0 113 115 101 87 117 122 115 105 99 100 103 103 108 78 112 111
0 0 0 100 88 112 108 86 105 89 78 91 87 102 124 113 119 105 122 116
107 99 0 100 91 103 80 82 98 106 88 111 121 84 106 92 116 107 106 79
96 123 98 98 99 124 85 112 76 115 78 99 114 76 81 86 96 101 113 90
96 84 0 0 112 89 84 113 82 114 76 112 119 99 75 111 110 79 101 123
0 0 0 0 95 86 90 80 109 89 101 96 121 98 118 122 81 100 108 105
98 87 110 0 82 112 77 120 91 112 103 110 96 118 111 87 95 124 111 76
106 0 0 0 114 83 101 122 86 103 106 107 91 89 93 118 82 106 123 104
0 90 123 103 79 92 101 95 118 120 84 84 83 105 104 104 87 80 92 124
