1 1 1 1 1 1 1 1 1 1 1 1 1 1 1 1 1 1 1 1
1 1 1 1 1 1 1 1 1 1 1 1 1 1 1 1 1 1 1 1
8 11 14 5 14 14 14 14 17 8 11 5 11 14 8 17 14 17 17 17
800 600 800 400 400 1000 1000 800 1200 1200 600 400 1000 800 1200 800 1000 1000 800 800
0 0 108 86 90 94 94 104 119 117 111 93 94 105 115 88 78 82 83 104
117 119 110 115 87 102 109 102 82 75 100 111 75 111 77 109 100 89 112 86
0 122 117 0 110 104 119 80 114 90 94 87 79 93 85 92 81 99 106 95
97 0 0 0 109 79 86 97 123 109 115 77 94 102 120 86 120 76 116 87
116 117 81 118 100 82 89 99 94 75 124 79 93 87 124 114 117 124 115 123
0 109 94 108 106 77 108 95 118 94 117 80 108 94 84 90 118 79 83 77
75 122 0 0 82 116 75 75 122 75 111 120 120 118 85 75 100 82 96 122
0 0 0 0 109 87 103 103 104 83 105 120 98 123 101 84 88 82 119 115
0 123 101 0 96 83 123 76 84 119 89 109 112 87 75 76 111 99 81 95
0 85 78 0 105 114 106 120 83 95 86 76 101 85 77 101 102 93 107 79
0 99 0 97 82 118 107 110 93 106 114 78 113 124 82 110 78 115 90 102
0 109 0 0 114 118 93 124 96 119 87 76 90 104 104 94 91 81 102 84
112 0 0 99 78 91 81 108 82 106 106 107 106 116 114 90 92 113 81 96
0 100 86 0 123 121 102 86 106 90 83 86 105 84 95 121 124 75 108 109
108 0 115 87 107 83 116 89 84 81 87 78 78 122 120 90 90 86 102 103
117 0 0 0 115 78 94 114 91 119 121 88 123 99 120 122 97 92 100 124
