1 1 1 1 1 1 1 1 1 1 1 1 1 1 1 1 1 1 1 1
1 1 1 1 1 1 1 1 1 1 1 1 1 1 1 1 1 1 1 1
17 17 14 11 5 14 5 11 17 17 17 17 8 8 11 11 5 17 14 8
1200 400 1200 800 1000 400 800 1200 800 800 1200 1000 400 600 1200 600 1200 1200 1000 1000
99 77 110 105 105 79 111 106 108 112 86 122 112 76 80 119 97 121 86 109
87 92 89 113 91 118 84 114 77 84 111 123 103 105 120 89 82 94 75 90
0 0 92 82 90 78 82 110 86 102 75 80 101 79 78 105 75 77 122 83
0 0 0 84 121 114 80 95 75 87 98 122 104 98 79 110 117 123 79 87
0 0 99 0 92 114 96 122 121 116 106 87 91 117 117 90 100 115 95 120
0 93 0 0 122 118 89 87 75 95 92 91 99 79 122 123 95 86 96 114
116 88 80 0 101 116 75 89 103 77 111 111 113 108 92 102 124 115 114 75
119 113 112 90 91 81 100 101 79 106 118 80 101 119 92 113 116 95 101 79
0 117 76 0 98 76 108 93 113 80 92 110 77 123 84 106 104 105 99 99
84 0 81 86 108 123 95 100 97 96 97 118 118 101 76 81 103 90 90 120
75 0 97 96 84 77 109 77 108 89 116 97 92 86 102 81 109 91 78 93
0 117 91 88 81 80 113 75 89 102 83 119 95 119 111 102 99 77 108 110
0 0 101 0 75 80 101 109 88 99 88 100 109 113 97 121 75 91 81 82
0 98 0 109 116 111 103 107 75 78 82 82 108 107 121 96 122 96 86 98
0 0 0 94 103 77 109 94 103 109 96 79 75 86 86 95 81 99 85 88
117 117 99 92 93 113 104 88 82 82 120 80 98 104 98 104 79 94 83 103
