1 1 1 1 1 1 1 1 1 1 1 1 1 1 1 1 1 1 1 1
1 1 1 1 1 1 1 1 1 1 1 1 1 1 1 1 1 1 1 1
17 11 17 8 5 8 17 14 14 14 11 14 8 17 14 17 5 14 5 5
600 400 600 1200 800 1200 1200 600 1000 1200 400 600 1000 800 1000 600 800 1200 400 800
0 88 107 86 114 120 86 87 75 96 122 99 97 82 86 81 77 104 123 116
124 0 110 0 75 120 78 90 113 107 103 76 99 96 119 87 85 85 89 87
111 0 96 0 82 86 95 102 84 92 99 123 86 76 117 91 118 91 120 107
105 120 80 0 110 122 100 86 91 81 115 78 112 75 102 110 121 122 98 95
0 85 122 0 105 87 87 85 90 106 119 107 77 111 106 123 76 83 111 118
99 0 82 122 99 87 86 82 121 88 87 123 113 118 120 99 85 120 75 109
0 99 0 87 106 92 78 77 92 94 116 77 108 92 113 97 123 100 104 113
0 89 0 0 114 109 95 123 77 116 91 123 121 93 117 112 96 122 87 106
118 0 106 0 107 104 100 118 106 78 108 122 84 97 98 87 102 96 103 82
0 0 0 103 107 104 113 78 76 86 113 121 102 109 82 121 90 86 119 110
0 0 92 79 112 116 94 95 121 110 111 97 95 120 120 115 111 87 103 104
0 124 84 85 84 87 96 102 114 117 110 124 105 115 103 75 86 96 98 98
0 80 123 0 76 85 96 123 121 91 118 75 84 110 93 75 94 77 93 106
107 0 0 117 98 124 104 83 107 77 100 110 103 114 88 124 80 78 101 121
0 98 0 100 91 102 103 117 77 91 86 112 101 75 118 96 112 122 76 121
80 0 110 101 94 107 85 79 100 102 76 88 104 79 92 97 84 109 113 75
