1 1 1 1 1 1 1 1 1 1 1 1 1 1 1 1 1 1 1 1
1 1 1 1 1 1 1 1 1 1 1 1 1 1 1 1 1 1 1 1
5 17 17 17 8 8 8 11 5 17 17 8 8 11 11 11 5 5 17 17
600 800 800 1000 400 1000 1000 1200 400 800 1000 1000 800 800 600 600 600 400 1000 600
0 78 0 109 103 84 96 119 124 110 83 119 116 92 97 95 76 117 83 83
115 0 0 0 82 103 80 89 102 104 97 117 90 108 76 78 110 118 93 100
0 105 102 116 107 96 123 80 107 119 76 99 82 103 116 94 111 94 100 85
0 0 0 0 82 103 91 123 92 100 87 92 87 100 87 102 106 82 81 76
0 0 101 0 80 119 80 92 107 76 87 112 75 81 88 106 101 77 122 85
0 0 0 102 87 81 113 83 92 122 84 97 121 118 97 114 108 119 76 124
0 120 91 79 104 104 85 119 105 120 120 119 121 111 78 109 112 96 97 106
102 89 76 0 75 83 98 89 86 118 85 100 85 123 101 92 78 105 88 76
114 0 0 0 75 103 110 106 118 123 98 106 110 88 87 86 117 111 85 99
90 0 78 120 79 103 123 115 109 112 108 104 77 119 75 87 124 121 116 99
0 0 0 101 92 119 96 111 82 95 102 99 122 96 120 93 79 77 111 97
91 124 0 0 82 81 104 99 89 104 103 91 110 109 115 110 110 121 112 115
93 0 0 0 117 84 78 107 96 86 99 88 118 105 111 85 77 106 107 104
78 83 0 108 92 119 97 95 110 97 94 112 122 106 91 119 120 98 99 85
0 121 0 0 100 88 117 117 81 92 124 106 107 117 120 75 102 116 112 92
77 103 0 0 107 121 114 82 98 77 98 89 121 98 76 122 112 77 76 76
