1 1 1 1 1 1 1 1 1 1 1 1 1 1 1 1 1 1 1 1
1 1 1 1 1 1 1 1 1 1 1 1 1 1 1 1 1 1 1 1
8 14 11 8 8 17 17 17 17 8 14 14 11 5 8 8 14 5 11 8
800 400 1000 1200 800 400 800 1200 400 800 1200 1000 400 600 1200 1000 600 600 1200 600
0 0 0 0 110 124 87 81 103 93 103 84 107 93 77 118 105 75 98 89
109 113 82 0 101 88 118 104 113 89 92 111 84 91 94 75 84 106 82 99
116 0 0 76 100 86 95 76 124 102 104 88 86 85 112 102 80 93 96 82
95 0 0 90 119 124 113 112 107 92 105 107 108 93 80 123 75 89 75 85
101 76 114 0 77 93 108 121 82 95 99 84 108 80 107 111 124 95 89 124
0 79 0 0 81 105 122 98 100 102 83 113 79 94 98 110 95 110 105 100
113 85 0 95 90 78 85 107 93 99 115 96 103 82 87 96 93 86 116 119
105 100 0 0 104 94 82 76 89 99 118 107 90 96 101 97 98 79 97 100
0 0 0 75 102 97 124 90 95 78 113 92 78 124 105 89 115 99 89 107
104 0 0 0 103 100 80 103 106 111 81 103 107 114 116 117 120 119 93 85
84 97 96 105 100 100 83 91 75 96 75 123 124 93 79 78 99 109 92 120
0 101 88 79 78 98 124 111 111 120 120 80 99 83 110 97 118 108 111 85
0 0 0 0 80 112 124 78 123 86 120 115 116 109 82 119 102 75 91 92
80 107 111 90 123 105 76 77 92 81 105 100 89 94 80 124 97 103 93 80
122 85 0 0 94 87 109 104 111 107 101 111 106 121 92 89 119 81 76 121
90 96 104 0 117 123 100 114 92 101 91 83 111 81 117 115 78 96 96 87
