1 1 1 1 1 1 1 1 1 1 1 1 1 1 1 1 1 1 1 1
1 1 1 1 1 1 1 1 1 1 1 1 1 1 1 1 1 1 1 1
8 5 17 5 8 11 11 8 14 11 8 11 11 5 14 11 11 5 8 5
1200 600 400 1200 400 1200 400 400 400 800 1200 800 1200 1000 1000 400 1200 600 400 600
0 81 94 100 115 84 119 102 119 118 107 88 123 84 80 107 91 107 119 77
0 114 0 0 123 97 104 118 81 116 99 80 89 99 94 82 95 119 109 122
106 0 97 95 110 109 79 81 83 98 93 86 100 120 79 123 96 98 102 112
76 0 89 95 81 100 104 110 115 117 119 97 82 90 106 78 83 99 120 123
97 108 118 0 122 106 96 111 119 83 80 94 77 102 104 104 119 106 95 85
0 80 0 120 122 77 98 110 120 106 75 88 75 92 75 106 91 111 121 122
113 0 0 0 109 78 91 75 113 121 75 111 106 109 104 123 88 91 124 95
93 110 0 86 108 79 98 80 121 95 124 103 92 87 85 105 108 95 123 78
0 89 121 0 123 115 105 107 120 85 91 105 79 113 114 79 85 84 94 121
91 119 0 0 113 109 114 105 75 108 101 105 121 76 94 120 88 103 118 97
122 85 0 120 123 110 90 120 86 118 123 113 95 93 86 88 112 97 96 101
0 0 86 0 106 114 122 98 90 110 118 77 110 111 77 87 111 85 116 124
89 112 99 117 106 99 98 85 110 94 122 106 118 108 85 81 93 97 115 124
0 0 107 0 86 87 77 87 80 116 108 75 98 114 113 99 82 101 111 98
0 96 0 76 108 114 82 108 94 106 103 112 102 113 89 98 76 75 95 84
103 101 0 95 106 81 102 93 83 108 81 76 123 116 99 118 122 106 92 81
