1 1 1 1 1 1 1 1 1 1 1 1 1 1 1 1 1 1 1 1
1 1 1 1 1 1 1 1 1 1 1 1 1 1 1 1 1 1 1 1
5 11 8 8 5 5 17 5 5 8 8 5 17 14 11 11 11 14 14 14
1000 800 1000 800 1000 400 1200 400 600 800 400 1200 800 800 600 600 600 800 1000 400
102 85 0 85 95 110 81 98 91 84 104 104 92 82 105 96 77 101 102 84
98 0 85 0 95 97 84 78 82 97 114 114 80 85 93 108 89 88 102 100
119 102 84 0 87 82 76 119 122 113 97 96 99 121 98 99 89 85 92 82
94 0 0 83 118 121 97 87 122 122 78 98 109 90 87 108 77 111 112 77
122 0 0 101 107 118 84 112 78 93 79 89 104 88 101 75 108 83 102 124
113 0 108 0 98 87 113 118 90 120 121 86 104 121 111 122 88 105 119 122
85 0 0 0 112 99 101 83 84 86 91 118 115 108 122 82 78 110 86 90
0 0 84 0 106 99 80 102 92 103 118 110 102 82 114 90 78 121 81 109
0 124 0 0 113 101 84 96 83 79 113 115 98 95 108 102 109 87 112 76
122 0 0 0 124 91 80 84 121 117 83 111 96 117 91 84 85 122 76 94
0 93 0 0 88 116 124 123 103 114 113 93 118 108 95 121 102 77 124 123
104 81 111 78 104 75 97 109 83 122 110 104 79 87 90 97 80 86 89 117
0 98 79 108 119 122 104 94 88 91 103 98 75 124 89 102 76 118 87 95
117 95 106 0 124 75 92 79 78 83 119 109 82 88 119 105 82 107 120 95
112 108 0 104 114 100 120 75 120 122 78 90 121 110 90 113 111 105 115 108
0 0 97 0 118 112 120 90 94 113 87 108 111 97 86 82 103 101 102 79
