1 1 1 1 1 1 1 1 1 1 1 1 1 1 1 1 1 1 1 1
1 1 1 1 1 1 1 1 1 1 1 1 1 1 1 1 1 1 1 1
14 8 11 11 14 14 11 17 5 11 14 11 8 8 17 8 17 5 8 11
75 62 25 25 62 37 62 25 25 75 75 62 50 50 50 50 25 37 37 37
0 0 0 0 120 196 123 112 108 15 15 85 0 22 90 69 121 98 32 135
2 11 140 0 165 132 109 139 13 94 95 35 98 119 145 191 71 42 6 128
63 162 0 110 105 53 177 24 63 178 186 73 134 58 122 30 82 121 147 194
157 191 0 0 139 26 156 5 62 172 5 83 102 154 77 144 21 82 151 5
92 30 54 158 174 81 129 8 2 7 38 9 56 123 110 122 106 42 24 68
0 0 0 38 113 6 39 3 56 55 180 24 73 23 24 193 196 132 8 132
0 133 192 0 14 130 66 146 117 61 44 66 91 16 120 41 81 148 29 110
160 0 0 135 38 59 40 174 138 68 109 177 150 84 41 0 170 26 106 17
88 50 159 0 100 75 46 61 176 25 6 174 46 119 46 31 27 143 116 75
186 0 0 129 9 79 111 161 134 140 14 30 46 124 105 184 86 150 144 55
0 0 174 0 103 172 195 133 113 146 30 76 61 185 161 125 29 156 20 165
189 0 0 0 80 150 40 22 19 50 52 144 148 87 195 112 125 29 140 10
133 133 0 53 169 134 75 137 161 2 41 122 69 192 165 74 28 0 185 119
0 106 17 186 124 113 51 152 112 162 173 88 66 102 144 164 130 140 166 162
0 0 0 0 113 114 144 107 111 72 180 71 76 16 157 146 59 167 22 197
74 0 0 178 193 175 127 46 169 180 191 127 22 130 84 74 75 170 187 164
