1 1 1 1 1 1 1 1 1 1 1 1 1 1 1 1 1 1 1 1
1 1 1 1 1 1 1 1 1 1 1 1 1 1 1 1 1 1 1 1
11 17 11 17 17 17 8 11 14 5 17 5 8 11 14 14 11 5 5 8
37 75 25 62 25 25 75 62 50 25 75 75 62 62 62 75 25 50 37 62
18 154 176 0 89 6 48 193 83 83 73 138 176 181 11 104 73 159 48 18
64 25 0 176 129 12 187 108 151 151 199 163 121 27 53 22 97 187 188 194
0 93 88 0 40 17 198 145 4 109 45 63 46 3 18 54 185 37 196 97
0 86 0 0 172 189 184 188 90 65 81 153 170 169 30 126 191 16 166 79
3 0 111 125 181 83 127 42 63 69 36 75 112 103 17 199 164 158 42 5
134 104 0 0 5 37 120 41 197 192 8 165 144 92 27 51 167 124 105 40
0 170 2 59 175 1 101 70 116 134 116 45 148 34 10 12 186 198 2 188
164 0 121 0 113 69 158 15 161 199 165 27 133 114 11 15 169 156 122 78
0 164 0 0 110 170 9 58 14 88 140 160 124 121 176 175 132 77 49 12
25 186 59 48 54 15 67 13 74 85 131 31 82 107 64 27 158 146 76 192
0 189 0 41 100 16 88 158 84 9 168 183 16 181 65 152 178 130 175 141
0 140 0 0 62 158 177 147 103 11 36 131 84 89 11 190 197 116 192 36
83 55 0 69 120 117 111 120 137 188 57 46 113 35 80 0 45 162 140 153
175 0 37 123 97 60 83 158 178 131 18 88 93 139 140 172 89 16 28 117
0 135 0 156 34 181 19 164 154 9 189 71 161 48 170 148 83 79 117 98
0 50 119 0 173 51 91 116 107 169 77 126 190 46 186 24 188 92 190 162
