1 1 1 1 1 1 1 1 1 1 1 1 1 1 1 1 1 1 1 1
1 1 1 1 1 1 1 1 1 1 1 1 1 1 1 1 1 1 1 1
17 14 11 14 8 11 8 8 11 17 5 17 5 8 8 5 17 5 17 5
25 37 37 37 75 62 50 25 50 25 25 50 50 37 37 37 62 75 75 37
158 0 0 58 191 154 63 192 165 99 139 113 154 130 78 199 19 68 168 149
173 0 158 74 103 188 12 160 38 145 39 194 120 130 13 138 181 5 48 185
64 147 0 83 36 182 101 135 187 56 94 120 1 133 192 167 19 123 22 0
0 11 163 102 140 90 45 143 83 46 163 198 106 60 135 183 156 28 100 8
0 0 0 0 47 26 11 173 156 173 89 191 170 56 102 53 82 143 149 47
0 0 190 94 33 80 58 78 131 135 164 64 42 196 146 46 179 133 169 8
0 64 0 180 170 0 50 129 47 44 132 49 75 177 38 1 169 156 10 25
119 0 190 0 34 0 170 125 3 153 91 112 36 199 132 186 86 58 192 76
0 0 75 0 130 196 85 20 192 45 110 175 148 165 178 12 102 79 165 192
80 0 81 30 8 77 94 80 24 17 120 24 89 14 185 178 13 110 65 181
0 91 83 17 168 153 177 60 104 101 35 32 178 148 83 63 13 16 57 59
0 0 52 0 53 59 168 157 150 196 107 169 12 80 71 47 157 165 149 192
0 147 186 0 155 107 96 121 145 20 75 39 40 131 162 111 144 162 108 126
0 41 0 100 179 56 64 187 68 154 110 169 124 17 157 183 12 153 175 151
0 141 0 88 119 35 62 120 188 60 38 174 123 123 51 172 86 25 148 84
21 5 0 134 108 101 193 152 122 106 103 91 45 118 23 174 166 4 3 128
