1 1 1 1 1 1 1 1 1 1 1 1 1 1 1 1 1 1 1 1
1 1 1 1 1 1 1 1 1 1 1 1 1 1 1 1 1 1 1 1
11 14 17 14 17 17 11 8 5 8 17 5 11 5 5 14 11 11 17 14
62 62 50 37 50 25 50 75 75 62 25 50 75 37 37 50 37 50 25 50
16 0 0 168 33 121 125 85 179 82 25 138 76 132 126 8 133 80 175 77
0 180 0 63 2 186 124 130 185 6 3 190 184 31 31 167 2 2 188 1
0 172 68 0 115 116 142 77 175 120 192 3 143 199 139 48 112 115 118 32
0 198 87 91 7 38 47 43 71 4 32 195 107 11 85 32 194 7 37 177
44 195 0 195 84 61 116 81 78 21 149 43 13 71 122 156 125 183 34 82
0 90 0 0 195 18 15 58 190 90 127 97 174 89 29 172 130 141 72 127
0 0 0 0 36 161 16 139 161 103 183 139 40 157 159 173 73 199 86 178
0 0 85 0 57 118 163 40 161 188 148 135 34 99 15 64 26 134 29 127
0 0 149 0 11 42 147 194 73 61 41 102 45 162 195 184 110 44 127 63
0 0 0 0 154 66 183 108 197 55 135 148 160 48 131 32 164 59 37 25
166 0 166 61 147 13 5 138 131 182 170 44 70 172 162 14 78 159 67 179
137 169 68 46 149 85 56 150 46 106 126 58 84 107 5 192 96 140 40 159
0 0 0 0 117 147 91 88 189 114 116 149 133 97 13 127 141 79 133 129
199 98 157 55 28 173 192 56 25 28 89 91 106 31 29 157 49 84 170 13
0 0 6 19 88 48 73 176 29 112 16 186 80 57 58 9 139 165 136 10
0 0 0 0 29 188 158 64 147 166 133 134 44 61 78 76 118 176 168 145
