1 1 1 1 1 1 1 1 1 1 1 1 1 1 1 1 1 1 1 1
1 1 1 1 1 1 1 1 1 1 1 1 1 1 1 1 1 1 1 1
14 17 11 14 11 14 8 14 14 5 17 14 14 5 5 14 14 8 11 8
25 75 75 62 25 25 25 62 37 25 37 25 62 62 25 37 25 25 37 37
138 0 0 191 66 134 82 146 53 125 55 97 38 154 182 148 152 55 149 167
21 98 0 193 31 115 59 170 168 45 166 14 44 79 48 131 132 104 53 111
188 197 117 127 195 27 41 137 44 135 19 58 123 178 127 112 87 70 95 57
0 0 65 0 187 198 109 81 8 133 69 17 80 186 60 26 84 5 49 105
26 144 9 176 68 46 28 115 46 18 4 181 12 85 110 121 12 4 78 62
199 165 0 137 168 92 151 21 3 107 7 40 174 73 59 27 138 174 185 84
59 0 0 36 15 86 173 162 3 23 1 178 43 62 127 150 49 121 129 103
164 54 0 82 28 82 115 102 192 135 143 16 54 26 169 180 57 157 25 36
170 183 0 0 30 106 38 46 25 137 172 162 131 194 76 66 97 155 178 41
1 116 0 89 123 165 162 110 109 38 74 140 34 31 48 140 20 70 153 120
0 0 0 126 8 114 147 184 176 0 15 159 23 131 12 177 91 124 104 87
92 0 123 0 121 186 88 87 47 56 131 20 29 41 44 120 120 156 125 72
146 0 91 146 192 165 80 98 163 135 186 29 169 164 148 34 174 21 7 146
0 0 0 0 146 110 179 182 67 32 37 186 63 130 20 5 56 57 3 60
190 0 197 0 160 166 183 64 47 80 126 161 107 181 7 119 131 154 157 61
0 31 142 0 184 191 62 18 82 149 157 93 22 124 59 9 16 127 32 23
