1 1 1 1 1 1 1 1 1 1 1 1 1 1 1 1 1 1 1 1
1 1 1 1 1 1 1 1 1 1 1 1 1 1 1 1 1 1 1 1
5 17 14 11 11 17 14 17 8 8 8 11 5 17 17 14 5 17 17 14
75 37 50 50 62 50 50 37 25 50 75 50 25 75 62 37 50 62 75 50
0 49 107 105 165 77 156 55 123 71 163 76 70 113 118 137 169 8 39 119
0 0 0 48 119 167 18 163 5 71 172 9 32 154 182 97 158 38 106 80
120 198 0 0 112 135 134 198 105 56 123 82 168 98 12 105 104 154 27 145
82 74 104 106 125 90 175 160 132 5 81 169 33 179 5 149 80 99 163 190
153 117 68 152 46 182 151 95 41 124 126 14 136 150 126 128 161 92 53 62
26 0 0 0 32 23 21 123 152 36 82 114 53 177 40 185 83 160 100 143
105 0 0 18 177 171 90 59 68 188 104 96 93 147 195 159 52 188 67 24
0 2 0 68 85 135 106 33 32 110 56 172 38 79 111 85 187 31 116 74
0 0 122 11 44 59 6 63 179 89 53 26 126 134 149 171 155 173 36 185
194 162 0 51 21 41 142 81 95 168 11 166 150 43 85 101 50 74 42 63
0 15 77 0 132 111 123 76 77 51 183 72 174 47 52 72 33 106 128 193
0 0 43 0 130 36 109 9 9 146 106 50 31 96 76 35 150 126 122 89
0 64 182 0 125 85 71 80 70 142 108 63 84 103 143 167 126 95 113 38
0 136 10 0 112 137 76 157 108 85 98 123 180 48 114 7 165 78 101 160
0 0 95 0 177 19 82 62 164 98 27 108 56 11 156 185 64 113 112 139
0 0 0 0 132 182 76 91 93 101 28 66 88 35 100 152 45 34 53 164
