1 1 1 1 1 1 1 1 1 1 1 1 1 1 1 1 1 1 1 1
1 1 1 1 1 1 1 1 1 1 1 1 1 1 1 1 1 1 1 1
5 14 5 17 5 14 8 5 17 8 14 5 11 5 17 17 8 17 8 8
50 62 75 37 50 25 37 62 37 50 62 62 75 62 62 62 50 50 75 50
0 132 165 30 39 154 190 169 175 0 97 25 33 163 67 140 50 149 153 181
132 163 0 118 23 197 155 180 44 132 165 18 183 152 144 6 139 92 89 96
0 6 0 178 179 131 26 27 48 125 79 85 105 116 90 187 119 187 142 71
11 0 0 192 177 39 190 108 90 193 92 99 106 197 109 169 6 141 113 66
0 0 71 0 33 148 14 147 63 123 114 104 95 110 124 128 143 166 56 162
0 0 0 0 68 64 154 98 97 31 137 133 26 24 164 131 133 159 184 93
0 78 0 0 74 68 121 138 167 159 96 146 143 119 76 62 57 124 105 198
50 127 156 0 194 198 10 20 189 197 196 106 152 32 82 89 145 189 96 89
54 0 195 86 8 78 153 85 187 187 59 186 163 2 82 130 76 13 141 0
74 66 103 33 197 43 143 79 7 53 82 26 57 117 133 43 133 55 154 32
0 44 0 152 5 73 40 0 38 111 119 164 18 28 15 86 59 16 191 189
98 70 74 135 50 11 69 106 161 136 39 66 193 87 86 83 151 196 93 154
0 0 0 0 54 116 15 179 142 112 139 161 98 28 138 10 100 134 176 28
0 13 108 50 76 135 172 87 70 198 7 90 193 111 13 31 117 66 167 111
98 156 19 132 132 74 5 135 17 44 1 90 121 160 148 97 196 187 102 156
29 0 0 72 149 192 138 91 76 179 140 17 20 145 90 51 97 38 107 24
