1 1 1 1 1 1 1 1 1 1 1 1 1 1 1 1 1 1 1 1
1 1 1 1 1 1 1 1 1 1 1 1 1 1 1 1 1 1 1 1
11 8 11 17 8 8 8 5 11 8 14 14 5 11 8 5 17 17 14 5
62 50 37 62 62 75 50 62 37 62 37 75 25 75 50 62 50 62 37 62
18 0 0 71 50 98 20 44 130 118 112 148 87 111 195 193 156 114 48 63
77 0 0 0 137 143 111 49 190 80 139 22 105 141 146 166 46 17 196 199
55 161 0 0 97 147 30 96 67 154 23 120 20 144 41 165 105 146 46 128
53 19 174 0 104 134 45 88 46 147 94 60 134 35 151 61 166 45 107 13
0 0 0 176 46 136 0 62 166 155 111 158 155 23 59 28 23 70 170 113
0 0 0 0 97 40 194 108 101 47 99 124 149 26 19 21 92 183 30 104
0 0 163 64 111 120 63 34 109 118 14 195 151 146 178 65 96 79 3 21
0 151 184 0 86 102 120 93 141 23 41 147 113 165 9 5 136 62 145 44
101 0 185 0 36 154 89 1 152 53 116 43 187 111 18 41 25 73 169 70
0 176 0 0 173 85 87 108 178 109 64 150 81 174 22 197 35 43 142 188
0 76 140 0 24 11 107 186 137 119 113 38 144 122 169 113 179 14 112 7
0 194 0 89 148 27 135 108 118 36 38 1 82 165 136 141 68 88 150 26
0 0 178 173 193 56 137 198 124 123 182 67 171 193 74 24 129 158 186 94
0 0 179 0 153 93 41 82 195 144 53 156 128 21 89 187 198 10 197 78
0 94 146 124 93 8 12 64 42 172 153 51 19 76 132 10 117 75 188 25
0 44 0 0 163 44 108 64 183 63 165 137 52 25 158 152 60 119 52 67
