1 1 1 1 1 1 1 1 1 1 1 1 1 1 1 1 1 1 1 1
1 1 1 1 1 1 1 1 1 1 1 1 1 1 1 1 1 1 1 1
5 17 5 17 17 11 8 17 8 11 8 8 5 8 14 5 5 8 11 14
75 75 37 50 25 25 75 25 37 75 75 50 62 25 62 50 62 25 62 25
175 0 112 0 69 138 75 187 189 194 172 37 127 117 48 184 93 63 64 159
0 0 147 0 196 177 135 17 171 197 153 67 150 175 51 85 109 137 64 196
0 0 65 0 159 35 77 192 122 26 152 37 169 89 76 181 99 188 8 85
34 2 0 10 5 81 110 107 185 174 84 16 8 70 157 161 23 4 70 193
73 0 66 10 137 133 127 144 102 122 120 162 74 121 190 24 199 7 112 26
0 0 50 166 108 119 173 88 172 60 31 148 136 134 167 139 80 10 90 106
0 101 0 0 164 57 93 2 81 45 185 195 192 30 90 144 150 193 52 150
0 0 168 0 91 49 114 56 54 129 132 163 135 177 44 147 23 167 37 24
71 0 88 2 168 182 29 115 118 109 39 29 5 95 186 23 107 168 157 120
80 0 125 67 35 158 116 125 156 26 143 154 15 199 24 35 184 75 127 44
0 105 0 0 53 102 173 21 176 38 38 179 40 76 149 2 105 47 14 159
0 0 0 0 0 174 79 85 196 196 52 29 103 126 7 95 98 17 31 77
0 49 0 0 117 187 38 78 152 128 169 131 4 21 117 104 49 83 62 132
131 0 15 47 45 124 36 188 169 36 58 54 53 81 182 62 156 100 90 150
0 0 0 0 91 78 67 152 188 153 176 143 82 50 124 187 14 124 135 132
0 11 79 131 91 0 42 23 162 118 46 101 168 95 14 71 9 28 165 199
