1 1 1 1 1 1 1 1 1 1 1 1 1 1 1 1 1 1 1 1
1 1 1 1 1 1 1 1 1 1 1 1 1 1 1 1 1 1 1 1
11 11 14 11 17 14 11 8 11 11 8 11 17 5 5 5 17 5 14 14
62 50 75 37 37 62 62 50 62 25 75 62 50 50 25 25 25 37 25 50
140 92 168 67 47 167 142 12 141 78 158 24 193 60 134 171 10 18 142 120
139 0 0 0 6 13 111 64 159 166 69 181 140 63 69 154 21 97 184 85
0 0 107 0 12 22 143 74 112 26 195 178 26 39 169 61 33 172 144 166
0 15 0 0 16 11 52 33 123 9 151 120 0 64 13 109 5 118 14 74
0 0 167 0 186 67 143 39 135 22 67 22 167 31 7 51 131 55 101 58
0 137 0 6 79 65 114 137 120 48 36 26 116 3 124 84 75 147 31 194
0 0 79 0 136 86 51 196 44 88 11 162 85 142 16 5 29 111 27 142
0 172 0 21 151 82 55 152 60 54 146 53 93 148 169 96 8 4 83 23
0 23 187 0 110 4 66 163 166 63 100 101 74 48 181 82 186 190 11 172
0 0 164 0 174 108 67 155 170 90 51 73 8 178 125 25 148 8 42 135
0 180 0 24 125 155 172 125 183 122 154 40 194 144 127 137 19 23 145 151
88 0 182 167 186 37 40 125 132 198 189 193 193 60 58 123 1 63 18 16
0 0 177 0 81 160 48 50 153 71 185 102 9 175 98 48 32 168 124 160
0 41 5 0 50 144 124 164 52 104 194 111 106 21 13 165 179 154 115 138
55 0 0 0 91 89 53 46 160 138 79 41 97 110 141 74 95 186 0 153
0 95 153 0 45 108 186 148 16 79 177 13 38 16 53 70 173 69 35 7
