1 1 1 1 1 1 1 1 1 1 1 1 1 1 1 1 1 1 1 1
1 1 1 1 1 1 1 1 1 1 1 1 1 1 1 1 1 1 1 1
17 11 11 8 17 11 5 8 14 17 11 8 14 14 17 5 8 11 5 14
62 50 62 50 75 37 25 75 25 75 50 75 25 62 37 62 50 75 75 37
78 0 34 0 102 55 62 105 42 98 101 82 115 74 33 43 135 112 75 182
30 0 0 109 41 77 145 141 194 80 55 75 145 175 9 86 174 183 150 165
0 11 0 175 175 124 39 84 85 103 72 199 131 104 155 80 38 161 162 44
0 71 0 139 194 7 49 1 9 170 97 31 137 60 163 98 124 14 62 26
0 89 0 150 52 9 140 179 114 57 90 189 67 78 135 36 139 77 160 155
13 0 157 0 156 186 123 172 143 170 168 163 141 86 18 181 28 95 114 17
47 0 0 88 186 143 124 0 34 19 146 73 68 85 97 67 128 141 131 41
0 140 0 0 150 188 58 11 28 137 47 178 16 123 172 111 46 162 59 91
96 155 0 187 28 160 120 66 62 182 83 134 84 134 113 105 17 130 171 131
66 0 39 0 139 172 130 90 112 171 34 195 114 117 132 145 79 100 11 138
0 0 0 0 110 143 115 103 60 76 174 71 194 35 176 108 86 73 85 74
96 36 0 0 61 93 58 187 18 134 53 121 9 127 179 5 176 151 161 71
0 120 132 71 139 37 184 158 166 161 14 34 98 188 62 118 120 81 51 140
56 134 170 61 13 29 85 162 148 183 0 96 60 76 131 1 41 112 94 32
76 36 142 0 39 36 89 4 166 195 74 17 20 6 158 123 44 7 57 42
0 13 0 0 113 151 47 110 3 196 5 187 184 66 185 63 90 102 136 163
