1 1 1 1 1 1 1 1 1 1 1 1 1 1 1 1 1 1 1 1
1 1 1 1 1 1 1 1 1 1 1 1 1 1 1 1 1 1 1 1
17 17 8 11 5 5 11 14 11 14 11 5 14 17 17 5 17 14 14 8
62 75 37 25 62 25 62 50 62 62 75 62 62 25 75 75 62 75 25 50
0 0 132 0 98 36 138 185 3 172 42 110 158 157 134 3 153 136 44 18
0 0 75 0 127 187 193 54 126 7 85 177 148 104 121 11 29 73 74 144
0 122 126 145 160 100 123 140 66 53 90 43 31 93 156 35 123 182 6 33
0 111 125 0 125 144 28 79 44 50 156 30 74 35 152 110 19 154 179 112
111 96 41 41 89 41 47 181 72 27 82 192 129 110 162 86 186 79 129 120
22 0 10 5 46 63 25 0 195 106 81 186 149 86 50 49 50 80 67 120
195 0 0 56 12 12 127 146 134 138 126 77 52 145 88 49 6 41 99 158
72 0 0 88 52 99 68 198 73 64 185 130 191 51 30 52 180 146 43 167
32 141 53 175 2 38 17 91 193 148 73 32 182 20 119 65 138 32 14 32
54 6 56 0 145 83 194 114 112 40 14 118 65 56 178 120 106 196 89 140
0 0 0 48 174 113 111 45 169 26 132 160 26 156 189 74 47 191 164 81
0 150 0 118 72 94 56 114 90 0 1 189 169 150 100 105 183 180 36 196
150 168 114 0 89 168 104 19 126 158 116 143 94 154 130 122 182 55 83 164
4 0 0 92 146 121 60 60 13 69 21 65 150 18 165 181 25 176 130 134
0 0 0 188 38 3 82 186 35 194 57 118 21 53 133 181 84 74 194 5
45 37 0 0 30 9 107 79 93 49 154 56 197 154 92 34 29 86 191 20
