1 1 1 1 1 1 1 1 1 1 1 1 1 1 1 1 1 1 1 1
1 1 1 1 1 1 1 1 1 1 1 1 1 1 1 1 1 1 1 1
11 5 8 17 8 17 11 8 5 5 5 14 17 11 11 5 8 14 8 11
37 62 37 75 25 75 62 62 50 37 75 37 50 50 37 75 37 25 50 50
185 0 105 0 82 55 168 79 187 83 187 186 187 52 52 146 162 38 66 41
194 0 0 163 131 177 147 174 139 166 24 4 139 171 170 28 141 22 134 124
0 0 133 100 105 73 46 161 160 188 145 127 58 67 70 71 60 190 142 111
0 54 150 0 97 175 174 81 130 90 178 61 7 183 106 135 98 46 77 78
0 0 0 0 142 14 138 34 16 183 187 110 112 2 158 12 3 155 58 191
0 0 158 0 55 73 52 99 120 132 95 55 154 141 176 159 77 31 165 67
0 0 137 123 162 70 176 32 116 151 18 5 8 150 78 163 196 23 185 134
0 25 0 7 199 40 101 50 138 134 95 137 188 167 109 2 0 60 76 35
0 0 48 117 174 112 36 11 185 7 154 104 161 196 114 189 25 147 32 104
12 0 0 182 169 54 58 16 81 34 134 46 75 22 12 16 154 73 21 53
0 0 0 0 118 85 18 197 153 143 183 94 106 65 13 179 15 94 33 37
112 85 129 99 182 177 186 135 38 76 102 97 16 186 171 40 133 170 7 145
0 0 121 0 16 32 58 62 177 141 186 131 197 40 23 93 199 26 146 59
170 0 92 181 130 166 151 59 28 109 152 90 141 41 156 151 192 81 133 170
59 0 100 60 167 23 104 190 141 38 41 109 197 84 44 130 61 5 137 198
176 0 0 0 141 91 39 114 122 12 107 22 124 93 197 185 30 124 54 114
