1 1 1 1 1 1 1 1 1 1 1 1 1 1 1 1 1 1 1 1
1 1 1 1 1 1 1 1 1 1 1 1 1 1 1 1 1 1 1 1
17 5 17 11 17 8 14 11 5 17 14 11 5 11 17 11 17 5 5 8
25 62 25 37 62 50 62 37 75 25 25 62 50 25 50 37 25 50 75 62
0 119 57 0 0 182 60 50 176 69 27 115 5 48 5 50 155 123 164 144
28 40 23 0 193 138 183 35 74 185 11 176 89 133 194 40 127 29 87 167
0 0 0 168 59 88 62 158 85 103 25 2 47 102 14 191 133 49 49 138
0 0 136 32 104 150 95 155 109 173 51 93 11 161 28 85 177 29 139 102
0 103 126 132 37 163 165 65 59 81 74 88 41 18 43 35 171 130 120 28
39 0 0 38 137 73 188 25 36 48 148 186 147 198 7 167 112 53 111 98
68 135 0 0 23 176 199 165 78 176 56 58 33 122 50 5 32 39 12 88
23 149 178 84 8 18 180 84 105 133 128 155 97 188 34 175 155 160 36 146
26 0 0 113 36 86 98 21 189 114 196 124 29 118 155 114 162 126 108 41
150 0 0 0 142 115 88 93 49 126 16 17 148 35 146 14 22 192 69 150
193 83 0 0 55 182 148 124 173 37 127 174 149 126 37 131 119 107 168 54
30 175 0 148 164 139 48 81 115 75 147 197 6 171 131 191 52 149 5 95
0 37 0 86 199 99 178 112 28 74 154 79 17 0 184 62 23 15 68 36
0 0 0 59 167 96 147 8 7 41 147 57 48 14 23 142 63 174 130 105
0 0 198 0 23 187 70 8 190 195 151 44 131 81 60 20 171 19 0 53
98 70 146 0 186 8 83 172 178 96 24 152 87 114 151 52 173 6 24 128
