1 1 1 1 1 1 1 1 1 1 1 1 1 1 1 1 1 1 1 1
1 1 1 1 1 1 1 1 1 1 1 1 1 1 1 1 1 1 1 1
11 14 14 5 14 17 5 17 8 8 14 11 14 14 14 14 17 11 17 11
75 75 50 62 62 50 50 50 75 75 37 37 25 62 37 25 25 25 37 25
24 0 0 0 138 140 146 181 159 97 13 22 99 44 76 145 17 162 98 159
0 0 13 0 170 147 120 46 101 37 124 167 128 106 19 84 86 123 55 43
97 0 27 0 198 57 63 19 162 196 165 119 157 180 43 176 114 59 198 65
23 0 0 138 111 35 74 95 133 145 75 199 6 95 85 136 79 33 189 0
0 0 196 175 20 98 41 152 10 23 76 198 55 172 81 128 79 65 155 12
8 166 117 0 88 22 92 123 164 149 154 98 78 130 6 80 42 89 31 75
99 0 0 147 103 199 131 38 9 10 176 149 127 123 25 178 55 101 21 99
76 0 0 0 4 89 31 199 20 39 114 84 115 97 96 178 150 183 46 83
0 0 59 33 153 197 103 156 38 143 106 45 177 11 100 44 128 151 83 11
0 0 198 21 197 118 87 160 51 33 129 33 9 138 129 128 175 56 38 148
181 34 0 0 39 167 105 114 162 24 109 197 124 61 59 109 1 96 6 108
0 0 0 0 54 137 124 22 28 40 130 181 4 126 82 139 96 28 89 182
158 71 21 66 169 197 193 178 149 28 199 14 92 145 121 141 115 44 35 92
0 0 0 164 38 154 133 173 167 0 116 25 62 46 49 33 112 11 139 40
129 105 0 107 159 170 177 18 101 150 44 27 85 93 181 39 54 65 49 146
101 164 141 159 132 179 179 108 102 20 91 134 104 92 152 137 182 88 151 39
