1 1 1 1 1 1 1 1 1 1 1 1 1 1 1 1 1 1 1 1
1 1 1 1 1 1 1 1 1 1 1 1 1 1 1 1 1 1 1 1
17 17 17 5 5 5 17 11 8 5 8 17 8 5 17 14 5 14 11 11
200 200 100 150 250 150 300 300 300 150 200 100 250 150 150 300 300 250 100 200
0 0 0 122 74 12 71 178 193 175 127 46 169 180 191 127 22 130 84 74
0 174 0 0 195 198 156 117 11 11 22 175 190 51 101 67 159 167 177 109
32 191 163 119 17 175 126 10 13 151 77 143 78 152 21 115 74 144 47 148
18 0 117 144 138 175 116 181 183 127 22 170 5 175 169 29 113 39 149 91
0 0 0 0 3 147 194 106 86 63 53 64 44 21 137 11 68 153 198 92
0 155 0 16 80 99 197 120 196 123 112 108 15 15 85 0 22 90 69 121
0 0 0 0 11 140 125 165 132 109 139 13 94 95 35 98 119 145 191 71
32 115 0 0 162 124 110 105 53 177 24 63 178 186 73 134 58 122 30 82
0 0 0 0 191 31 70 139 26 156 5 62 172 5 83 102 154 77 144 21
133 0 0 0 30 54 158 174 81 129 8 2 7 38 9 56 123 110 122 106
0 0 159 26 146 47 38 113 6 39 3 56 55 180 24 73 23 24 193 196
163 0 197 0 133 192 47 14 130 66 146 117 61 44 66 91 16 120 41 81
153 37 0 160 137 33 135 38 59 40 174 138 68 109 177 150 84 41 0 170
112 0 0 0 50 159 118 100 75 46 61 176 25 6 174 46 119 46 31 27
0 81 75 186 173 176 129 9 79 111 161 134 140 14 30 46 124 105 184 86
0 0 0 161 100 174 129 103 172 195 133 113 146 30 76 61 185 161 125 29
