1 1 1 1 1 1 1 1 1 1 1 1 1 1 1 1 1 1 1 1
1 1 1 1 1 1 1 1 1 1 1 1 1 1 1 1 1 1 1 1
5 5 14 11 14 14 11 17 8 8 17 14 5 17 14 14 5 17 14 14
150 300 300 300 300 250 300 250 100 200 100 100 200 100 150 250 100 250 200 100
168 181 154 0 160 98 24 98 104 144 162 62 5 92 22 112 28 44 59 104
0 151 1 0 34 87 180 127 69 45 50 79 4 173 29 73 28 186 20 133
0 172 45 0 99 43 169 66 196 187 85 74 180 64 175 63 115 24 187 50
0 0 65 7 43 5 180 107 58 24 17 110 148 82 101 125 185 52 48 199
94 18 181 0 12 45 121 192 77 40 62 51 63 74 144 121 50 87 183 40
26 0 0 0 79 18 17 147 103 23 18 176 170 91 31 128 114 13 168 49
54 11 75 0 130 106 95 73 84 182 152 108 165 144 106 94 168 22 53 129
0 131 0 158 116 19 163 92 193 191 72 171 34 107 100 151 71 18 152 69
0 16 18 0 167 111 84 61 130 79 151 132 164 9 154 27 28 103 158 11
0 111 1 0 142 44 138 72 162 106 94 142 193 150 195 128 35 4 134 49
0 0 0 135 29 28 125 49 113 183 80 189 130 140 15 54 156 52 145 190
168 0 0 0 9 166 152 51 109 113 135 73 65 47 128 162 141 70 92 1
17 0 65 0 194 64 198 68 48 48 41 85 112 127 170 4 102 118 23 81
37 149 7 108 182 35 150 109 173 38 129 116 31 79 72 11 3 21 141 29
70 0 0 0 43 28 140 91 116 199 139 102 45 78 20 27 49 142 168 167
0 0 88 0 189 58 42 78 141 148 94 191 193 134 177 63 68 185 69 55
