1 1 1 1 1 1 1 1 1 1 1 1 1 1 1 1 1 1 1 1
1 1 1 1 1 1 1 1 1 1 1 1 1 1 1 1 1 1 1 1
11 5 11 5 5 17 11 8 8 17 11 17 11 5 5 17 14 5 11 14
100 250 250 100 100 250 200 250 200 150 300 200 200 250 250 300 200 300 300 200
132 0 0 26 196 27 69 93 26 192 97 61 174 15 159 185 90 72 66 51
94 83 0 62 179 11 35 69 126 147 38 83 177 13 120 186 106 114 184 2
0 0 14 0 11 19 90 75 55 164 103 109 68 144 168 133 5 185 16 145
183 132 82 0 27 13 179 196 187 3 22 74 149 74 25 134 38 165 119 179
0 134 123 124 57 104 6 17 131 86 157 185 105 24 190 140 180 117 101 196
7 0 0 0 100 52 197 130 12 40 64 64 62 188 15 163 43 4 68 35
138 70 0 105 31 31 23 155 190 94 101 91 183 16 164 149 105 141 109 140
0 0 0 0 135 119 161 176 132 159 181 125 47 84 159 90 189 142 92 53
90 0 79 142 60 167 78 5 103 65 32 3 105 115 45 181 150 18 86 163
172 56 0 0 45 29 23 109 75 102 137 184 152 98 77 118 104 45 82 16
171 0 0 0 130 16 148 156 38 169 64 181 147 173 19 89 148 105 4 174
152 0 133 162 106 36 3 135 64 166 152 114 165 119 136 101 134 169 110 12
151 21 142 0 8 71 112 71 39 139 61 67 8 154 172 186 24 138 169 69
0 0 77 143 154 63 186 178 52 24 25 9 6 151 125 61 36 91 100 67
0 133 162 147 171 147 78 49 163 196 195 153 162 175 93 175 0 162 83 53
92 66 0 0 181 33 131 57 26 60 47 160 40 125 70 8 75 9 104 11
