1 1 1 1 1 1 1 1 1 1 1 1 1 1 1 1 1 1 1 1
1 1 1 1 1 1 1 1 1 1 1 1 1 1 1 1 1 1 1 1
17 14 11 17 8 17 8 5 14 14 8 5 8 5 8 11 8 8 5 11
150 200 100 100 300 200 300 200 100 100 300 300 200 150 300 200 150 250 100 100
54 0 0 198 126 95 153 192 45 108 186 148 16 79 177 13 38 16 53 70
113 98 0 0 194 181 41 15 90 128 141 197 92 0 81 107 97 69 159 129
129 29 21 18 21 79 198 149 88 94 80 69 159 108 119 69 188 36 197 84
165 0 152 0 67 74 116 79 106 151 184 104 186 193 148 171 102 199 90 193
0 0 49 0 182 114 152 117 121 30 107 149 29 146 115 122 55 169 118 26
0 0 149 140 92 168 67 47 167 142 12 141 78 158 24 193 60 134 171 10
45 0 0 0 145 67 25 6 13 111 64 159 166 69 181 140 63 69 154 21
117 18 161 0 0 107 43 12 22 143 74 112 26 195 178 26 39 169 61 33
0 0 0 0 15 85 35 16 11 52 33 123 9 151 120 0 64 13 109 5
153 79 0 0 86 167 21 186 67 143 39 135 22 67 22 167 31 7 51 131
0 0 154 40 137 79 6 79 65 114 137 120 48 36 26 116 3 124 84 75
57 0 41 160 110 79 47 136 86 51 196 44 88 11 162 85 142 16 5 29
49 0 88 0 172 141 21 151 82 55 152 60 54 146 53 93 148 169 96 8
178 18 0 60 23 187 104 110 4 66 163 166 63 100 101 74 48 181 82 186
0 170 0 0 143 164 183 174 108 67 155 170 90 51 73 8 178 125 25 148
0 0 182 145 180 3 24 125 155 172 125 183 122 154 40 194 144 127 137 19
