1 1 1 1 1 1 1 1 1 1 1 1 1 1 1 1 1 1 1 1
1 1 1 1 1 1 1 1 1 1 1 1 1 1 1 1 1 1 1 1
5 14 17 14 17 14 17 14 11 5 11 11 14 8 14 8 11 5 11 8
100 150 200 100 250 300 200 150 250 250 200 100 100 200 150 300 100 150 250 100
0 138 146 92 101 18 26 114 188 151 20 20 159 74 154 49 85 145 117 145
0 183 31 0 180 160 74 188 146 145 154 116 76 125 3 39 11 56 191 93
0 0 87 118 29 116 175 181 92 67 61 56 28 27 60 191 29 147 69 24
199 86 196 0 19 38 101 182 5 78 108 163 194 125 134 94 75 101 51 40
120 0 0 0 55 53 147 46 43 27 48 190 14 45 196 83 150 152 84 24
0 35 124 0 156 179 145 108 9 75 72 19 127 32 68 51 159 173 2 186
62 103 131 0 166 102 195 179 66 169 163 88 168 180 2 186 47 13 181 4
0 48 0 0 136 17 84 174 111 64 159 113 70 105 3 160 187 76 175 22
0 113 65 0 105 137 99 14 15 113 150 62 121 122 0 79 0 101 7 96
0 0 0 143 155 199 114 73 157 42 30 23 36 86 169 136 98 185 126 131
0 192 0 0 162 162 83 76 128 4 149 182 10 154 126 51 138 54 28 195
94 0 0 0 28 199 199 68 25 47 151 188 133 1 128 185 124 39 124 194
108 0 83 77 49 174 70 0 91 44 111 65 43 47 154 155 46 146 27 1
189 152 119 25 42 166 87 189 75 36 180 184 160 68 187 164 46 48 31 48
27 106 0 70 12 6 54 41 129 21 155 23 90 154 72 40 61 94 142 77
149 40 0 161 91 87 67 29 145 3 100 56 93 32 97 108 145 80 98 192
