1 1 1 1 1 1 1 1 1 1 1 1 1 1 1 1 1 1 1 1
1 1 1 1 1 1 1 1 1 1 1 1 1 1 1 1 1 1 1 1
8 11 11 8 8 8 17 14 5 11 11 5 8 8 17 5 5 11 8 5
200 200 100 250 250 150 300 150 200 300 100 100 250 300 250 200 250 300 300 300
195 0 33 58 114 13 106 177 113 151 47 110 3 196 5 187 184 66 185 63
0 115 0 0 157 147 16 78 68 106 117 167 170 15 172 70 29 140 130 52
0 0 0 0 107 91 0 97 27 47 14 94 111 21 100 81 87 175 128 142
9 112 116 114 9 94 57 150 49 184 105 163 131 191 62 117 17 113 26 117
0 0 161 0 50 135 143 96 50 190 48 195 88 55 116 32 151 105 196 76
0 0 0 0 20 34 70 102 55 62 105 42 98 101 82 115 74 33 43 135
13 0 0 0 66 193 109 41 77 145 141 194 80 55 75 145 175 9 86 174
0 165 0 0 11 152 175 175 124 39 84 85 103 72 199 131 104 155 80 38
40 146 24 189 71 86 139 194 7 49 1 9 170 97 31 137 60 163 98 124
0 0 65 97 89 128 150 52 9 140 179 114 57 90 189 67 78 135 36 139
0 0 171 13 53 157 184 156 186 123 172 143 170 168 163 141 86 18 181 28
0 121 152 0 149 105 88 186 143 124 0 34 19 146 73 68 85 97 67 128
0 0 48 168 140 198 100 150 188 58 11 28 137 47 178 16 123 172 111 46
199 41 46 0 155 95 187 28 160 120 66 62 182 83 134 84 134 113 105 17
51 71 0 0 199 39 78 139 172 130 90 112 171 34 195 114 117 132 145 79
113 20 0 0 133 21 25 110 143 115 103 60 76 174 71 194 35 176 108 86
