1 1 1 1 1 1 1 1 1 1 1 1 1 1 1 1 1 1 1 1
1 1 1 1 1 1 1 1 1 1 1 1 1 1 1 1 1 1 1 1
17 14 17 11 5 5 11 8 5 11 11 11 5 5 14 14 5 14 8 14
100 150 300 150 250 200 300 200 100 200 100 150 150 250 300 100 200 200 150 250
0 139 0 0 157 147 62 153 23 121 131 60 142 30 55 109 103 89 117 195
131 0 86 30 117 63 61 9 90 17 92 10 54 33 22 191 1 155 100 126
0 0 0 99 67 176 7 6 84 196 119 119 156 124 37 134 131 189 72 34
0 10 0 69 89 198 89 156 86 124 65 159 165 181 21 105 111 170 144 57
58 105 59 32 182 70 22 2 139 110 194 180 41 69 193 168 129 17 53 29
0 81 31 178 33 198 64 137 119 176 78 195 3 17 73 35 74 28 138 63
0 155 53 86 134 160 188 137 107 41 176 126 50 185 149 47 134 13 77 115
0 46 35 0 39 193 57 20 96 23 178 24 70 60 174 166 84 25 187 63
0 12 132 74 30 162 30 193 127 164 161 99 138 70 36 91 152 32 146 17
0 57 10 0 24 137 59 79 75 92 148 127 133 47 8 52 108 169 98 131
0 0 69 0 75 39 84 188 59 78 5 155 190 152 123 31 148 34 146 165
146 58 87 0 195 4 133 139 190 135 116 4 149 13 8 113 8 137 161 24
0 0 161 0 110 76 97 150 112 157 192 58 190 38 123 137 36 45 193 6
117 143 0 131 39 175 135 83 191 52 85 108 31 113 0 8 138 139 151 16
0 146 0 59 7 193 16 28 9 135 128 70 57 77 178 119 34 160 83 45
37 133 36 69 91 147 83 144 20 70 164 72 59 173 179 178 168 36 19 121
