1 1 1 1 1 1 1 1 1 1 1 1 1 1 1 1 1 1 1 1
1 1 1 1 1 1 1 1 1 1 1 1 1 1 1 1 1 1 1 1
17 11 17 11 17 8 8 11 5 8 14 5 17 11 11 17 11 11 11 5
250 250 100 150 200 150 100 150 150 250 300 150 100 300 250 250 100 300 250 150
182 27 125 92 21 88 3 39 6 182 44 13 12 106 51 26 89 180 116 149
0 37 0 0 65 120 160 194 199 27 159 30 66 184 21 75 71 149 57 159
44 177 0 117 196 98 47 112 32 94 77 58 56 16 62 181 120 72 70 153
0 0 0 77 89 39 82 59 103 77 131 80 134 13 179 32 129 75 76 46
12 0 129 44 22 97 27 118 74 117 137 115 36 132 27 28 103 170 89 28
58 0 143 90 159 178 147 112 132 60 73 130 109 3 117 82 100 172 15 154
40 0 113 0 78 151 159 130 168 81 73 152 71 27 196 194 174 168 24 190
0 0 153 0 135 90 172 177 35 107 48 55 172 132 196 50 8 133 8 89
81 155 190 0 53 165 50 195 52 79 143 95 115 81 106 143 143 170 26 65
0 0 96 33 105 26 109 44 192 30 151 22 137 59 115 134 110 40 84 122
0 184 102 125 97 17 142 100 185 183 155 15 93 142 136 59 128 160 22 83
39 0 0 191 149 71 167 151 174 140 120 94 181 49 82 153 80 118 198 137
152 99 0 0 189 32 48 179 70 193 198 178 97 128 129 105 76 149 93 132
85 44 0 185 120 60 37 53 78 11 88 74 72 65 189 28 117 131 126 95
0 23 2 0 43 70 183 173 101 115 193 75 169 24 173 79 174 103 193 129
34 0 0 196 57 41 74 73 166 133 104 53 87 160 132 176 78 86 114 197
