1 1 1 1 1 1 1 1 1 1 1 1 1 1 1 1 1 1 1 1
1 1 1 1 1 1 1 1 1 1 1 1 1 1 1 1 1 1 1 1
17 5 8 11 5 17 8 14 8 5 5 11 17 8 8 5 8 14 11 5
150 150 250 200 300 250 250 100 150 150 150 300 100 300 300 250 100 250 100 300
33 0 0 53 106 35 18 126 25 107 84 24 173 77 127 12 160 132 63 21
5 0 0 0 161 2 169 58 175 115 27 13 85 119 131 152 123 80 164 162
0 0 18 0 193 95 165 198 130 26 30 55 70 181 163 126 176 52 134 104
0 123 0 115 152 108 141 168 104 196 133 13 143 98 15 52 39 9 108 55
0 0 0 150 187 78 137 137 92 43 62 184 160 183 67 166 15 181 183 46
1 0 70 159 185 118 194 93 26 181 72 92 9 168 30 44 140 112 96 183
113 0 41 0 117 161 138 177 65 13 41 20 52 147 175 20 28 158 155 187
0 185 0 0 52 198 102 180 155 115 99 29 28 148 87 126 120 31 32 59
27 107 0 0 38 82 24 56 68 114 177 197 96 113 69 104 7 196 26 150
47 198 0 0 155 64 178 88 109 66 29 21 80 6 21 131 40 197 70 87
39 0 0 77 112 71 161 178 90 39 44 142 15 90 108 36 173 115 150 151
6 179 154 185 148 8 50 119 76 40 6 195 90 37 5 130 189 152 195 180
84 0 0 40 74 21 188 16 43 83 36 6 160 147 117 191 140 72 147 58
4 0 0 49 94 45 185 3 186 95 157 71 199 73 198 176 52 53 145 95
196 0 38 0 59 84 105 68 34 194 139 131 94 0 10 135 61 180 91 197
35 148 30 0 52 54 90 148 102 157 86 189 25 52 171 20 94 110 111 166
