1 1 1 1 1 1 1 1 1 1 1 1 1 1 1 1 1 1 1 1
1 1 1 1 1 1 1 1 1 1 1 1 1 1 1 1 1 1 1 1
11 11 17 11 14 14 8 5 14 8 11 14 17 11 11 14 8 11 17 5
300 100 300 100 250 100 200 150 200 100 300 200 150 100 100 250 100 300 250 100
109 140 0 0 134 91 102 35 13 116 7 35 38 28 110 75 198 47 3 36
188 0 0 158 156 19 100 106 8 193 138 184 61 130 178 46 86 174 94 1
112 0 0 102 52 31 186 63 126 192 91 99 17 64 50 8 86 131 92 80
0 0 0 79 42 15 73 78 21 5 163 163 156 105 61 35 27 13 195 24
130 40 153 162 186 10 104 64 76 92 115 53 98 199 114 133 121 197 84 147
0 0 93 0 40 123 23 98 28 54 10 93 168 105 81 16 17 163 197 183
0 82 63 0 46 183 158 159 195 133 197 33 188 87 88 2 93 117 147 8
74 0 181 30 116 181 59 135 19 44 189 104 177 186 76 60 157 120 133 173
0 111 30 0 21 121 163 153 51 168 63 69 162 168 54 143 159 78 127 73
70 0 118 185 150 105 163 123 133 126 159 0 58 29 53 44 199 28 1 5
33 184 175 0 38 69 176 33 74 133 109 177 135 16 28 191 99 179 154 80
71 38 79 139 195 92 46 72 6 80 1 175 16 33 87 51 152 134 31 191
88 41 121 131 135 87 49 97 80 41 87 31 82 50 25 69 193 93 133 51
0 0 0 176 176 89 82 189 183 149 74 173 102 199 99 121 115 4 48 171
0 21 0 85 52 38 7 13 109 45 49 71 43 47 114 144 85 130 90 76
0 0 70 47 192 60 25 159 127 156 38 191 191 187 183 85 4 77 57 134
