1 1 1 1 1 1 1 1 1 1 1 1 1 1 1 1 1 1 1 1
1 1 1 1 1 1 1 1 1 1 1 1 1 1 1 1 1 1 1 1
14 11 17 5 17 5 17 14 14 5 14 5 5 14 5 11 11 14 17 8
250 100 150 200 250 100 300 150 100 250 150 300 250 300 250 200 300 250 100 300
0 0 18 0 151 116 168 109 71 86 89 101 168 40 103 26 186 196 6 43
149 82 0 0 153 88 58 147 130 146 81 118 183 177 68 9 141 20 81 100
0 44 0 0 9 116 187 187 82 63 174 93 47 7 95 13 81 144 188 160
0 43 17 86 104 176 107 24 71 77 150 23 9 17 14 196 189 11 19 26
160 61 0 0 91 95 184 138 76 55 15 138 26 36 168 158 131 86 6 57
0 181 0 36 20 0 112 144 185 153 164 153 79 61 199 1 100 174 63 107
168 43 0 23 34 183 130 156 44 147 170 107 196 38 32 17 62 8 124 67
18 0 0 12 27 3 176 177 73 156 2 137 84 76 198 92 123 142 112 166
51 0 0 0 52 45 88 105 3 157 134 51 91 70 195 148 116 106 182 113
0 0 0 54 69 44 166 47 174 90 119 78 168 115 89 22 14 16 62 170
123 0 0 27 107 55 150 95 126 19 50 168 140 109 128 126 107 4 1 191
0 144 0 0 169 134 179 96 84 136 3 137 5 134 130 88 67 72 51 171
127 0 67 0 24 41 57 10 16 176 172 95 179 16 157 38 62 164 91 8
0 197 0 54 77 145 194 39 60 150 114 94 139 89 84 168 166 158 41 63
13 116 0 151 6 21 157 145 17 0 34 2 15 142 85 181 155 36 65 110
0 0 0 0 55 40 103 45 162 177 151 1 51 114 134 37 6 129 20 31
