1 1 1 1 1 1 1 1 1 1 1 1 1 1 1 1 1 1 1 1
1 1 1 1 1 1 1 1 1 1 1 1 1 1 1 1 1 1 1 1
14 5 14 17 14 11 17 5 5 8 11 14 17 17 8 17 14 11 14 5
300 200 100 300 300 250 250 100 200 300 300 100 200 250 100 150 100 150 150 200
0 0 0 0 145 50 119 35 173 51 91 116 107 169 77 126 190 46 186 24
0 0 0 165 63 187 93 40 45 49 131 109 33 48 7 59 134 35 145 29
0 69 0 193 187 176 117 121 72 34 35 129 194 122 64 9 115 197 102 158
0 67 66 120 58 67 44 104 183 160 27 187 169 36 119 115 124 168 69 7
0 0 0 112 47 47 186 62 70 173 39 161 174 0 79 153 19 46 113 56
0 0 15 0 154 176 29 89 6 48 193 83 83 73 138 176 181 11 104 73
162 91 0 0 25 148 176 129 12 187 108 151 151 199 163 121 27 53 22 97
0 0 0 21 93 88 104 40 17 198 145 4 109 45 63 46 3 18 54 185
0 0 70 0 86 177 146 172 189 184 188 90 65 81 153 170 169 30 126 191
162 130 0 0 173 111 125 181 83 127 42 63 69 36 75 112 103 17 199 164
0 157 176 0 104 79 91 5 37 120 41 197 192 8 165 144 92 27 51 167
182 0 111 103 170 2 59 175 1 101 70 116 134 116 45 148 34 10 12 186
0 0 190 164 57 121 175 113 69 158 15 161 199 165 27 133 114 11 15 169
0 0 110 0 164 45 28 110 170 9 58 14 88 140 160 124 121 176 175 132
64 186 0 25 186 59 48 54 15 67 13 74 85 131 31 82 107 64 27 158
0 55 0 120 189 149 41 100 16 88 158 84 9 168 183 16 181 65 152 178
