1 1 1 1 1 1 1 1 1 1 1 1 1 1 1 1 1 1 1 1
1 1 1 1 1 1 1 1 1 1 1 1 1 1 1 1 1 1 1 1
17 8 8 8 17 17 17 11 8 11 14 14 5 5 8 5 5 11 14 5
200 250 200 250 200 100 200 200 100 250 150 100 300 300 250 250 300 100 300 150
192 0 155 33 138 71 115 2 183 160 108 141 121 174 42 175 115 101 30 91
0 0 0 126 16 142 77 142 119 49 184 122 98 36 104 2 75 36 30 111
7 65 0 193 57 148 59 161 177 94 1 12 127 114 187 100 149 159 108 127
0 20 0 0 1 146 73 119 80 77 22 157 166 100 146 129 155 143 121 164
0 0 138 0 90 90 67 49 112 114 127 148 54 91 102 56 37 196 59 51
47 149 35 0 83 99 22 96 118 47 95 37 184 49 165 65 56 100 143 170
0 23 0 0 78 169 27 87 107 28 170 14 118 109 40 85 3 180 50 77
87 21 0 0 7 89 164 159 104 138 116 144 72 159 101 83 111 38 127 49
0 0 191 0 155 115 62 118 166 108 164 68 105 158 190 15 181 177 50 12
0 43 0 0 186 168 37 54 32 56 130 191 41 71 89 165 58 30 145 32
0 191 98 197 157 57 63 141 46 27 182 38 152 103 63 168 91 51 144 78
182 61 0 0 68 85 44 87 191 58 125 89 68 38 110 191 175 29 99 140
0 131 0 137 197 149 94 17 29 104 124 149 130 49 38 183 75 118 164 185
114 173 119 0 173 82 121 148 144 46 41 51 108 153 1 78 99 181 59 67
86 0 104 77 70 28 159 56 127 191 13 84 17 197 63 51 180 110 24 180
119 0 0 196 89 154 69 29 120 33 108 5 87 136 171 121 149 147 15 184
