1 1 1 1 1 1 1 1 1 1 1 1 1 1 1 1 1 1 1 1
1 1 1 1 1 1 1 1 1 1 1 1 1 1 1 1 1 1 1 1
11 8 11 14 17 5 8 5 5 5 17 11 11 17 8 5 14 11 11 17
200 150 150 200 200 250 150 300 250 150 250 250 300 100 200 100 250 250 200 250
0 132 0 0 167 95 87 107 32 50 123 167 171 196 89 97 165 195 93 106
0 0 13 0 144 65 4 158 46 38 162 120 146 19 197 126 148 50 28 145
0 0 0 83 41 182 170 160 187 176 61 108 120 149 111 167 171 134 64 98
110 0 0 0 163 13 99 94 8 26 55 92 165 40 33 68 31 84 137 151
161 0 0 102 121 6 64 18 45 32 177 190 106 26 65 23 2 154 170 95
0 0 0 0 46 120 41 104 199 160 76 154 44 188 88 127 133 119 109 191
0 30 0 110 162 5 73 5 86 192 188 21 70 4 101 87 105 192 22 131
0 111 0 0 79 128 29 48 80 150 62 170 185 109 91 25 182 164 110 192
57 136 0 0 115 55 125 37 188 86 163 150 95 161 42 96 113 64 10 169
0 0 0 0 38 68 21 190 138 145 137 46 130 68 68 100 49 49 133 188
164 114 0 0 168 74 84 111 147 153 124 47 107 65 194 125 148 118 39 67
0 154 0 11 178 0 74 84 68 53 158 72 107 78 159 138 173 6 30 56
94 92 0 49 18 39 175 33 72 70 133 166 87 48 20 122 38 149 33 31
0 149 0 191 73 38 107 163 81 105 149 73 73 199 23 134 28 161 123 79
91 134 130 0 38 74 177 198 107 150 114 155 50 59 156 23 26 168 174 156
0 114 0 0 183 60 67 68 177 131 113 105 151 63 49 30 100 118 37 62
