1 1 1 1 1 1 1 1 1 1 1 1 1 1 1 1 1 1 1 1
1 1 1 1 1 1 1 1 1 1 1 1 1 1 1 1 1 1 1 1
14 5 11 14 11 17 17 8 5 14 5 8 11 14 14 8 8 14 5 8
200 200 250 150 300 150 250 300 150 300 200 250 150 300 100 200 300 150 200 150
0 0 0 84 29 142 1 72 149 192 138 91 76 179 140 17 20 145 90 51
0 0 95 0 140 106 36 8 133 1 115 187 60 184 160 26 8 195 87 175
0 181 129 0 106 21 3 106 109 167 93 141 87 69 26 199 67 83 197 107
0 57 0 32 134 128 97 106 99 102 46 176 139 197 155 60 97 92 32 71
197 0 55 0 40 114 101 188 126 10 179 109 7 63 14 69 125 83 115 88
0 0 13 79 132 165 30 39 154 190 169 175 0 97 25 33 163 67 140 50
161 77 0 0 163 148 118 23 197 155 180 44 132 165 18 183 152 144 6 139
0 0 73 0 6 174 178 179 131 26 27 48 125 79 85 105 116 90 187 119
0 48 54 11 12 46 192 177 39 190 108 90 193 92 99 106 197 109 169 6
0 129 172 163 21 71 116 33 148 14 147 63 123 114 104 95 110 124 128 143
0 76 60 0 11 176 102 68 64 154 98 97 31 137 133 26 24 164 131 133
0 44 0 86 78 29 85 74 68 121 138 167 159 96 146 143 119 76 62 57
183 0 38 0 127 156 4 194 198 10 20 189 197 196 106 152 32 82 89 145
0 76 0 54 113 195 86 8 78 153 85 187 187 59 186 163 2 82 130 76
0 0 0 74 66 103 33 197 43 143 79 7 53 82 26 57 117 133 43 133
165 47 104 118 44 100 152 5 73 40 0 38 111 119 164 18 28 15 86 59
