1 1 1 1 1 1 1 1 1 1 1 1 1 1 1 1 1 1 1 1
1 1 1 1 1 1 1 1 1 1 1 1 1 1 1 1 1 1 1 1
8 8 11 17 17 17 17 11 11 8 5 17 5 14 11 17 17 11 11 5
800 600 1200 1000 600 400 800 600 400 400 1200 1000 1200 1200 600 600 400 1200 400 1200
51 0 0 36 31 1 146 36 74 57 48 174 113 111 45 169 26 132 160 26
196 0 0 0 115 81 143 123 150 38 118 72 94 56 114 90 0 1 189 169
18 0 0 0 151 30 92 150 168 114 13 89 168 104 19 126 158 116 143 94
136 0 0 0 66 72 33 4 1 81 92 146 121 60 60 13 69 21 65 150
183 121 55 0 128 123 106 197 42 186 188 38 3 82 186 35 194 57 118 21
0 0 0 130 6 140 82 45 37 115 140 30 9 107 79 93 49 154 56 197
0 46 0 0 177 43 56 92 49 40 58 37 19 172 38 190 38 131 54 93
162 146 0 196 113 109 16 95 154 73 96 148 34 137 130 150 183 159 13 130
116 0 51 0 194 10 194 31 6 42 2 76 30 65 175 198 69 195 195 16
0 12 94 50 113 41 119 174 180 100 95 111 75 62 185 59 102 177 149 17
183 95 59 0 170 156 99 73 132 170 98 36 138 185 3 172 42 110 158 157
114 0 0 164 185 86 151 194 75 185 127 187 193 54 126 7 85 177 148 104
0 160 0 0 38 198 192 122 126 145 160 100 123 140 66 53 90 43 31 93
94 166 97 142 41 47 119 111 125 5 125 144 28 79 44 50 156 30 74 35
161 109 0 0 102 194 111 96 41 41 89 41 47 181 72 27 82 192 129 110
79 0 17 60 188 39 22 94 10 5 46 63 25 0 195 106 81 186 149 86
