1 1 1 1 1 1 1 1 1 1 1 1 1 1 1 1 1 1 1 1
1 1 1 1 1 1 1 1 1 1 1 1 1 1 1 1 1 1 1 1
5 8 11 11 5 17 11 5 11 11 11 8 11 14 14 8 17 11 5 5
1000 1200 1000 1200 1200 400 800 1000 800 1000 400 400 400 1200 1000 1000 1000 800 600 1000
0 0 0 41 161 87 78 0 4 0 186 19 167 140 89 169 108 42 39 189
191 0 44 184 97 96 124 145 109 73 183 183 35 152 111 2 156 1 57 179
41 55 0 0 124 174 93 194 157 1 106 30 56 187 43 145 144 28 184 64
0 199 0 63 57 140 179 81 49 58 13 12 20 188 119 178 121 155 101 142
91 194 0 0 108 61 89 87 111 139 176 195 15 27 66 87 182 198 172 197
4 173 108 81 82 112 44 170 170 38 52 165 111 51 174 42 192 120 189 21
0 94 107 174 36 69 194 83 100 188 93 146 75 59 59 196 190 79 44 42
0 0 0 48 2 136 69 80 172 86 39 60 77 92 49 98 4 28 50 63
119 57 194 183 82 128 122 16 96 65 38 66 62 177 156 70 97 75 99 2
0 133 0 175 34 80 48 192 136 144 71 54 192 77 18 49 94 161 93 42
0 0 49 0 186 80 76 111 31 3 48 127 96 198 134 67 88 21 169 29
0 170 0 179 114 39 180 173 163 37 154 10 184 8 174 126 178 17 132 198
92 0 0 12 129 35 118 18 15 199 17 107 194 60 47 91 15 113 58 20
178 24 0 34 155 56 198 107 167 154 143 98 185 87 180 51 153 64 52 36
0 0 0 0 84 17 104 23 180 57 30 135 156 140 165 124 107 139 193 33
47 25 0 190 195 196 184 138 136 183 104 0 69 17 153 24 39 184 187 76
