1 1 1 1 1 1 1 1 1 1 1 1 1 1 1 1 1 1 1 1
1 1 1 1 1 1 1 1 1 1 1 1 1 1 1 1 1 1 1 1
14 8 14 5 5 5 5 5 11 5 14 11 5 5 5 17 11 11 8 17
1200 1200 1000 1200 1000 1000 800 400 1200 1200 600 800 800 800 600 1200 400 1200 400 800
0 0 0 6 176 159 199 156 138 143 199 104 159 55 71 71 102 58 22 10
29 0 58 59 24 178 130 131 105 0 150 56 54 17 53 75 14 24 16 44
60 73 35 97 20 182 120 48 136 25 34 52 135 3 186 79 121 21 100 168
0 34 0 0 103 67 183 103 165 148 175 8 50 66 147 72 137 111 2 129
195 0 153 0 185 1 3 132 83 189 59 183 187 164 109 3 42 17 61 46
0 0 0 0 139 103 42 151 17 127 39 130 175 104 95 176 123 164 146 6
0 0 190 0 179 151 24 37 78 183 102 40 61 141 2 141 94 151 48 18
105 35 0 95 138 156 164 187 73 53 2 163 155 195 199 54 194 100 195 53
127 0 0 0 16 25 86 96 19 43 149 132 96 14 76 162 62 13 32 159
112 101 113 149 62 79 139 125 164 180 198 198 168 18 122 5 115 127 32 192
0 181 0 120 21 9 123 67 127 196 169 100 199 180 3 10 77 183 99 62
0 0 93 0 169 160 132 28 66 128 40 64 32 22 199 17 158 149 54 129
0 10 0 0 139 192 97 169 43 34 173 132 102 83 71 8 88 145 86 155
11 0 174 113 95 58 146 69 65 144 186 148 67 54 94 95 102 182 181 83
88 98 0 0 78 7 172 114 3 81 126 125 7 5 83 54 194 12 150 188
188 37 119 0 116 115 146 5 27 62 197 73 135 138 149 105 2 101 166 112
