1 1 1 1 1 1 1 1 1 1 1 1 1 1 1 1 1 1 1 1
1 1 1 1 1 1 1 1 1 1 1 1 1 1 1 1 1 1 1 1
11 5 8 5 8 5 5 17 5 14 8 8 14 17 14 8 14 14 14 8
1000 1000 800 400 1000 1200 1200 400 600 800 1200 1200 400 1000 600 1200 1200 1200 800 1000
167 0 94 0 6 38 167 43 195 124 160 148 80 135 74 158 22 103 107 135
19 66 0 161 133 69 6 125 111 70 37 49 48 177 160 39 102 67 108 184
60 0 0 0 75 36 82 104 148 55 115 180 87 60 26 146 159 97 91 97
184 0 0 0 113 101 191 33 77 6 102 148 41 132 53 53 108 28 91 49
72 101 58 0 154 27 137 112 12 138 196 66 191 183 83 118 199 138 115 63
13 0 0 44 199 106 117 120 96 107 109 182 79 116 175 171 186 104 149 139
0 0 0 0 140 132 115 17 19 152 131 4 100 160 38 56 130 135 154 194
100 156 0 0 177 33 56 100 190 33 99 157 158 112 15 154 19 164 129 19
0 0 53 0 23 105 173 192 69 154 162 27 15 16 145 139 34 188 56 163
0 0 0 0 11 78 46 110 58 145 148 81 102 52 57 11 34 98 166 117
124 0 144 157 54 137 72 62 129 145 196 3 29 166 157 22 91 132 9 23
0 170 92 80 20 71 183 42 181 106 170 12 106 47 146 31 197 88 109 158
0 87 28 67 35 57 165 94 30 194 64 39 119 132 124 183 96 90 118 62
20 100 0 165 29 10 135 138 120 72 109 125 157 107 84 122 48 134 129 183
17 0 111 100 57 147 103 54 184 43 16 133 171 192 131 102 167 158 123 45
0 0 96 0 83 110 53 89 11 16 180 98 56 56 89 140 87 63 107 197
