1 1 1 1 1 1 1 1 1 1 1 1 1 1 1 1 1 1 1 1
1 1 1 1 1 1 1 1 1 1 1 1 1 1 1 1 1 1 1 1
11 8 8 17 17 17 11 11 5 5 11 5 5 14 17 17 14 5 14 8
400 1200 400 600 1000 1200 1000 400 400 400 1200 600 1200 800 600 400 600 1200 600 400
77 0 81 0 72 62 99 140 55 40 103 45 162 177 151 1 51 114 134 37
0 111 0 109 77 196 44 136 70 46 192 82 133 168 120 190 165 57 196 163
0 0 0 195 81 120 19 97 92 116 177 37 19 95 31 29 49 188 173 162
0 97 0 0 69 188 112 112 179 26 135 112 110 159 80 51 57 120 180 163
26 44 72 79 171 133 46 90 193 182 114 75 36 161 165 37 102 147 86 184
0 34 65 117 121 18 31 151 116 168 109 71 86 89 101 168 40 103 26 186
0 0 0 149 82 9 172 153 88 58 147 130 146 81 118 183 177 68 9 141
124 126 50 135 44 90 63 9 116 187 187 82 63 174 93 47 7 95 13 81
81 0 56 0 43 17 86 104 176 107 24 71 77 150 23 9 17 14 196 189
0 0 83 0 61 122 105 91 95 184 138 76 55 15 138 26 36 168 158 131
0 0 151 0 181 115 36 20 0 112 144 185 153 164 153 79 61 199 1 100
71 116 0 0 43 17 23 34 183 130 156 44 147 170 107 196 38 32 17 62
0 0 0 0 198 143 12 27 3 176 177 73 156 2 137 84 76 198 92 123
0 199 140 51 95 27 66 52 45 88 105 3 157 134 51 91 70 195 148 116
0 144 0 0 38 188 54 69 44 166 47 174 90 119 78 168 115 89 22 14
158 0 0 123 14 190 27 107 55 150 95 126 19 50 168 140 109 128 126 107
