1 1 1 1 1 1 1 1 1 1 1 1 1 1 1 1 1 1 1 1
1 1 1 1 1 1 1 1 1 1 1 1 1 1 1 1 1 1 1 1
11 17 5 17 14 14 11 5 8 5 17 5 5 11 14 17 17 5 8 8
800 1000 1000 800 400 800 1200 600 600 800 400 1200 1200 400 1000 400 1000 400 400 1000
0 0 0 141 83 171 182 145 180 3 24 125 155 172 125 183 122 154 40 194
0 58 0 72 75 63 117 88 15 182 167 186 37 40 125 132 198 189 193 193
0 127 0 141 93 95 76 193 142 177 102 81 160 48 50 153 71 185 102 9
0 170 74 32 44 157 141 0 41 5 8 50 144 124 164 52 104 194 111 106
121 83 0 135 71 151 101 55 86 0 85 91 89 53 46 160 138 79 41 97
0 0 23 54 187 48 198 126 95 153 192 45 108 186 148 16 79 177 13 38
80 0 0 113 98 156 128 194 181 41 15 90 128 141 197 92 0 81 107 97
0 0 0 129 29 21 18 21 79 198 149 88 94 80 69 159 108 119 69 188
0 185 0 0 43 152 43 67 74 116 79 106 151 184 104 186 193 148 171 102
77 0 143 134 192 49 97 182 114 152 117 121 30 107 149 29 146 115 122 55
0 0 102 0 68 149 140 92 168 67 47 167 142 12 141 78 158 24 193 60
123 0 88 45 133 178 139 145 67 25 6 13 111 64 159 166 69 181 140 63
20 0 12 117 18 161 19 0 107 43 12 22 143 74 112 26 195 178 26 39
0 0 15 39 6 46 166 15 85 35 16 11 52 33 123 9 151 120 0 64
78 9 180 153 79 67 144 86 167 21 186 67 143 39 135 22 67 22 167 31
186 73 0 0 173 154 40 137 79 6 79 65 114 137 120 48 36 26 116 3
