1 1 1 1 1 1 1 1 1 1 1 1 1 1 1 1 1 1 1 1
1 1 1 1 1 1 1 1 1 1 1 1 1 1 1 1 1 1 1 1
5 8 17 17 17 5 8 8 17 5 14 11 5 11 14 14 5 8 14 11
800 1200 1000 1000 400 1200 1000 600 400 1000 400 600 800 1200 600 1200 1000 1200 800 1000
176 136 0 0 169 177 34 192 125 129 39 76 118 164 35 73 143 69 166 4
113 0 20 7 21 48 151 91 57 183 40 173 109 157 166 124 88 163 53 7
0 177 173 0 59 65 126 60 9 141 81 181 115 31 190 137 10 179 174 6
152 22 0 0 161 150 157 178 135 99 84 197 111 7 4 21 0 163 78 173
39 0 15 50 153 43 114 32 60 188 155 24 45 162 196 97 108 51 25 94
0 0 145 192 136 126 50 162 144 193 23 63 37 24 37 143 197 180 159 117
0 33 0 0 0 109 48 198 53 146 72 160 19 125 52 59 68 128 51 137
75 0 153 0 175 49 32 170 138 157 191 106 177 71 172 77 195 54 110 175
0 0 0 22 160 77 157 49 79 166 110 185 196 50 83 90 66 62 144 133
0 60 164 0 71 181 173 17 101 31 170 120 151 165 159 16 130 83 67 17
0 0 131 38 183 14 173 59 163 141 8 172 159 54 54 21 119 95 191 3
165 49 0 83 177 26 57 5 136 96 70 45 141 184 31 185 176 197 44 65
0 0 0 0 99 31 43 92 25 165 108 178 79 126 94 24 178 70 33 156
46 0 0 0 112 147 140 62 28 191 172 174 76 9 42 153 157 5 198 74
0 0 0 162 178 127 181 181 137 7 32 123 20 9 40 25 23 198 186 137
0 0 0 144 136 94 40 37 100 12 98 169 154 166 65 1 162 48 37 94
