1 1 1 1 1 1 1 1 1 1 1 1 1 1 1 1 1 1 1 1
1 1 1 1 1 1 1 1 1 1 1 1 1 1 1 1 1 1 1 1
11 14 14 5 5 14 17 8 17 5 5 11 11 8 8 8 8 14 14 17
600 800 1000 600 1200 1000 1200 600 1000 800 1000 800 1200 1000 1000 800 1200 1200 600 1000
80 86 0 0 186 161 77 193 83 188 150 55 182 148 124 173 37 127 174 149
150 47 62 160 120 197 40 30 175 29 148 164 139 48 81 115 75 147 197 6
124 36 53 0 165 173 67 34 37 159 86 199 99 178 112 28 74 154 79 17
0 0 162 46 5 174 1 131 108 16 59 167 96 147 8 7 41 147 57 48
0 0 9 22 189 55 108 13 64 198 9 23 187 70 8 190 195 151 44 131
189 0 39 120 192 27 178 98 70 146 122 186 8 83 172 178 96 24 152 87
0 143 155 57 37 65 71 15 8 118 186 12 42 132 76 55 66 112 34 89
0 0 99 40 84 143 150 155 21 53 6 76 174 102 125 190 41 195 68 140
0 73 80 0 124 2 191 120 54 31 142 110 180 170 19 150 147 128 61 198
0 0 0 0 48 38 26 95 136 104 121 128 184 168 173 199 38 141 60 39
0 52 0 196 158 4 121 119 57 91 0 182 60 50 176 69 27 115 5 48
186 0 0 0 36 82 28 40 23 118 193 138 183 35 74 185 11 176 89 133
0 0 59 28 26 17 61 144 24 168 59 88 62 158 85 103 25 2 47 102
0 128 0 0 35 84 107 30 136 32 104 150 95 155 109 173 51 93 11 161
165 37 30 188 173 107 40 103 126 132 37 163 165 65 59 81 74 88 41 18
0 60 161 0 30 56 39 92 176 38 137 73 188 25 36 48 148 186 147 198
