1 1 1 1 1 1 1 1 1 1 1 1 1 1 1 1 1 1 1 1
1 1 1 1 1 1 1 1 1 1 1 1 1 1 1 1 1 1 1 1
5 11 11 8 17 8 17 11 11 14 11 11 11 5 17 11 14 5 11 17
1000 400 800 1200 1000 400 600 1200 800 1200 1200 800 1200 1200 400 1000 1000 1000 400 400
0 66 87 0 124 6 11 181 34 154 26 39 167 105 114 162 24 109 197 124
150 56 5 0 57 49 38 19 63 63 164 54 137 124 22 28 40 130 181 4
132 142 178 0 10 38 129 158 71 21 66 169 197 193 178 149 28 199 14 92
0 71 0 0 145 184 168 94 23 163 164 38 154 133 173 167 0 116 25 62
169 0 0 0 104 72 49 129 105 103 107 159 170 177 18 101 150 44 27 85
60 57 0 0 183 13 37 101 164 141 159 132 179 179 108 102 20 91 134 104
0 0 0 0 124 37 178 183 116 100 69 132 6 153 30 99 198 101 87 138
0 88 0 0 109 104 43 152 108 196 188 135 195 199 171 78 105 173 75 77
0 0 55 186 71 36 24 160 121 122 112 52 12 42 69 85 92 88 153 85
66 0 0 112 166 133 153 39 154 2 105 2 9 61 196 79 17 89 82 88
13 0 74 114 81 5 24 128 140 194 138 140 146 181 159 97 13 22 99 44
0 0 54 0 103 131 94 156 13 50 170 147 120 46 101 37 124 167 128 106
0 0 168 0 154 78 97 95 27 144 198 57 63 19 162 196 165 119 157 180
0 2 0 0 173 43 23 49 40 138 111 35 74 95 133 145 75 199 6 95
184 0 0 0 198 171 113 183 196 175 20 98 41 152 10 23 76 198 55 172
0 141 0 152 187 157 8 166 117 26 88 22 92 123 164 149 154 98 78 130
