1 1 1 1 1 1 1 1 1 1 1 1 1 1 1 1 1 1 1 1
1 1 1 1 1 1 1 1 1 1 1 1 1 1 1 1 1 1 1 1
14 17 5 17 14 5 5 14 5 8 8 11 17 17 17 17 17 17 14 14
600 400 800 1000 1200 1200 1000 800 600 800 800 400 600 1000 1200 600 400 400 1200 400
0 0 176 94 42 125 98 161 100 174 129 103 172 195 133 113 146 30 76 61
0 0 0 9 129 181 172 189 47 135 37 80 150 40 22 19 50 52 144 148
0 0 0 47 127 156 11 133 133 133 53 169 134 75 137 161 2 41 122 69
0 55 0 0 32 99 173 11 106 17 186 124 113 51 152 112 162 173 88 66
0 0 0 0 37 174 53 68 183 4 141 113 114 144 107 111 72 180 71 76
0 0 41 0 128 109 122 74 12 71 178 193 175 127 46 169 180 191 127 22
0 24 98 156 174 197 188 195 198 156 117 11 11 22 175 190 51 101 67 159
0 0 0 0 191 163 119 17 175 126 10 13 151 77 143 78 152 21 115 74
0 185 82 0 45 117 144 138 175 116 181 183 127 22 170 5 175 169 29 113
0 172 97 0 138 120 199 3 147 194 106 86 63 53 64 44 21 137 11 68
114 57 114 151 155 79 16 80 99 197 120 196 123 112 108 15 15 85 0 22
0 150 197 61 13 35 2 11 140 125 165 132 109 139 13 94 95 35 98 119
171 0 0 32 115 15 63 162 124 110 105 53 177 24 63 178 186 73 134 58
182 99 43 37 112 172 157 191 31 70 139 26 156 5 62 172 5 83 102 154
19 0 169 133 50 9 92 30 54 158 174 81 129 8 2 7 38 9 56 123
46 194 144 193 59 159 26 146 47 38 113 6 39 3 56 55 180 24 73 23
