1 1 1 1 1 1 1 1 1 1 1 1 1 1 1 1 1 1 1 1
1 1 1 1 1 1 1 1 1 1 1 1 1 1 1 1 1 1 1 1
14 17 8 14 5 8 14 8 8 17 14 14 14 17 17 11 5 14 17 5
400 1000 1200 400 600 1000 800 400 600 600 600 600 1200 800 400 1200 400 1200 800 400
0 136 87 155 149 40 196 161 91 87 67 29 145 3 100 56 93 32 97 108
0 0 119 0 173 142 197 59 195 27 83 3 131 26 84 121 40 41 190 30
0 163 197 0 28 20 8 47 189 108 55 150 31 124 11 162 38 151 17 165
109 65 91 0 73 156 71 148 74 145 104 197 4 48 33 182 68 59 74 35
0 0 19 0 143 76 114 183 86 184 71 158 144 156 94 186 31 126 50 74
0 0 131 0 138 146 92 101 18 26 114 188 151 20 20 159 74 154 49 85
0 0 0 0 183 31 51 180 160 74 188 146 145 154 116 76 125 3 39 11
0 104 17 0 175 87 118 29 116 175 181 92 67 61 56 28 27 60 191 29
116 0 0 199 86 196 185 19 38 101 182 5 78 108 163 194 125 134 94 75
189 124 0 0 161 126 36 55 53 147 46 43 27 48 190 14 45 196 83 150
73 146 166 0 35 124 126 156 179 145 108 9 75 72 19 127 32 68 51 159
0 0 0 0 103 131 163 166 102 195 179 66 169 163 88 168 180 2 186 47
86 91 145 0 48 191 50 136 17 84 174 111 64 159 113 70 105 3 160 187
0 177 0 43 113 65 182 105 137 99 14 15 113 150 62 121 122 0 79 0
53 0 0 0 190 58 143 155 199 114 73 157 42 30 23 36 86 169 136 98
149 150 0 174 192 157 123 162 162 83 76 128 4 149 182 10 154 126 51 138
