1 1 1 1 1 1 1 1 1 1 1 1 1 1 1 1 1 1 1 1
1 1 1 1 1 1 1 1 1 1 1 1 1 1 1 1 1 1 1 1
5 11 14 11 17 17 14 5 8 5 8 11 8 5 14 17 5 5 5 8
400 800 800 400 1200 800 800 600 1000 600 1000 600 1200 1000 800 1000 1200 1200 1000 800
0 155 0 0 163 137 82 154 194 180 125 36 184 100 77 93 182 153 135 91
0 0 0 0 162 144 85 92 112 108 190 122 163 98 166 174 106 53 144 113
49 12 147 168 167 60 153 47 157 46 103 143 116 86 130 54 117 171 80 138
0 37 0 56 3 85 102 92 27 164 139 73 118 33 71 121 45 58 58 114
0 0 170 176 163 120 107 86 78 86 94 29 176 51 112 176 194 167 141 187
0 0 74 0 69 122 28 178 187 138 172 22 84 11 186 60 60 193 54 176
0 73 0 57 59 173 158 132 45 115 37 70 138 5 178 139 103 8 166 63
0 7 0 174 34 130 20 192 163 95 131 187 28 127 183 19 24 1 25 53
0 92 0 0 70 17 131 166 90 59 184 97 30 51 169 169 68 131 105 151
48 41 0 63 73 129 139 69 171 41 27 133 132 157 158 158 155 111 145 150
0 0 0 0 73 154 183 31 63 112 78 1 52 198 0 103 43 29 111 95
0 0 0 186 155 77 162 167 93 42 186 2 118 12 115 78 191 139 22 92
67 0 0 0 103 167 12 41 148 12 133 8 178 85 28 157 62 106 99 93
112 46 0 0 104 42 60 90 13 91 35 26 94 155 103 179 136 34 141 19
0 0 0 187 99 198 47 127 165 190 17 78 78 113 110 105 193 112 30 18
89 21 25 104 161 106 142 18 194 162 182 192 126 57 31 132 34 108 24 132
