1 1 1 1 1 1 1 1 1 1 1 1 1 1 1 1 1 1 1 1
1 1 1 1 1 1 1 1 1 1 1 1 1 1 1 1 1 1 1 1
14 17 17 14 5 11 8 11 5 14 5 14 17 8 5 14 11 5 5 17
600 400 800 1000 1200 400 400 600 1200 600 800 1200 1200 1200 800 800 1000 1200 800 600
174 0 0 152 121 155 60 21 70 69 134 132 24 131 176 10 144 96 113 57
0 0 137 141 111 171 57 195 74 71 190 188 147 123 47 2 169 21 165 165
0 0 190 0 2 75 0 80 84 177 140 145 190 191 58 122 51 5 59 191
35 0 0 0 81 126 84 178 102 137 43 83 147 28 124 50 136 34 17 116
0 103 164 0 23 131 54 75 30 123 1 70 176 33 163 181 84 157 165 100
0 153 0 185 27 74 95 179 112 47 21 159 67 142 163 145 39 157 154 82
0 66 0 0 156 21 33 121 144 161 115 54 46 88 70 138 4 186 111 197
24 0 0 176 8 72 87 123 153 60 42 27 77 113 65 67 74 145 53 64
108 0 0 17 77 3 177 63 60 52 188 72 4 63 164 132 167 104 82 9
176 112 0 184 150 73 126 156 15 172 53 155 143 28 115 23 160 78 172 75
0 0 106 0 146 179 159 88 143 81 104 11 148 2 97 49 25 150 133 129
0 181 0 0 175 31 30 113 52 49 92 0 46 153 173 83 53 138 141 148
142 0 193 186 69 145 87 62 34 91 28 97 59 22 19 14 88 131 174 145
0 30 146 0 64 116 4 25 137 54 76 131 144 89 118 56 3 184 99 86
0 0 0 2 164 145 71 187 42 38 160 94 55 84 75 13 158 129 142 87
0 120 131 0 124 128 155 3 24 142 9 132 147 97 120 171 36 132 137 132
