1 1 1 1 1 1 1 1 1 1 1 1 1 1 1 1 1 1 1 1
1 1 1 1 1 1 1 1 1 1 1 1 1 1 1 1 1 1 1 1
11 14 17 14 8 14 8 11 5 14 5 8 5 14 14 11 14 17 17 8
800 400 1000 600 400 600 1200 800 800 600 800 600 1200 1200 1000 1200 400 800 1200 1200
74 0 89 42 149 26 168 49 199 107 156 156 91 0 116 189 63 1 102 153
0 136 177 0 59 124 13 148 141 123 182 3 52 193 28 189 56 15 84 129
65 0 102 123 132 42 113 167 78 168 27 43 29 57 0 124 169 85 95 64
107 162 0 18 193 121 101 112 175 2 198 30 108 96 146 162 24 127 92 16
0 61 0 83 70 85 108 60 172 52 40 189 133 14 199 60 77 60 90 113
0 144 0 92 38 58 139 117 35 90 155 169 117 161 1 142 3 9 107 78
0 45 0 182 97 11 149 105 117 26 92 12 146 154 12 40 40 109 108 182
0 88 155 10 194 137 181 96 130 79 140 3 120 44 61 171 7 116 91 116
0 77 188 0 137 53 72 39 136 198 79 111 63 102 53 183 82 17 192 170
49 62 0 5 194 95 139 12 169 191 82 182 180 169 173 21 185 29 69 62
0 96 0 55 141 41 20 116 12 67 161 163 20 160 69 50 1 23 139 196
0 0 92 0 118 132 180 130 101 133 70 32 168 109 82 113 115 69 43 117
75 104 0 0 90 151 5 41 46 124 173 65 139 3 131 166 21 175 14 69
0 0 0 0 109 38 182 170 12 89 25 101 4 98 8 63 63 42 96 100
0 0 0 160 126 95 151 165 62 153 155 174 177 107 65 137 184 135 199 37
166 85 111 0 174 181 64 130 60 75 24 97 136 54 111 182 46 164 176 67
