1 1 1 1 1 1 1 1 1 1 1 1 1 1 1 1 1 1 1 1
1 1 1 1 1 1 1 1 1 1 1 1 1 1 1 1 1 1 1 1
11 17 17 8 11 11 17 5 17 14 8 5 8 11 8 17 14 17 11 17
800 1200 1200 1000 400 1200 400 800 1200 1000 1000 800 600 1000 400 400 800 400 600 1200
155 144 0 22 150 114 178 48 183 60 67 68 177 131 113 105 151 63 49 30
14 0 134 1 41 19 96 159 62 1 44 183 66 197 164 9 182 48 22 169
17 0 0 0 20 63 97 38 96 65 156 97 140 1 151 166 67 114 89 56
180 0 0 14 146 2 108 135 167 186 60 161 168 24 102 32 198 195 89 68
32 168 0 0 21 43 66 196 100 30 191 153 75 135 22 43 87 119 121 62
0 192 0 120 132 33 55 167 95 87 107 32 50 123 167 171 196 89 97 165
0 94 185 94 136 13 30 144 65 4 158 46 38 162 120 146 19 197 126 148
193 0 0 0 55 176 83 41 182 170 160 187 176 61 108 120 149 111 167 171
54 92 0 0 7 47 186 163 13 99 94 8 26 55 92 165 40 33 68 31
70 0 0 0 144 66 102 121 6 64 18 45 32 177 190 106 26 65 23 2
101 186 0 0 129 135 62 46 120 41 104 199 160 76 154 44 188 88 127 133
0 0 0 190 30 43 110 162 5 73 5 86 192 188 21 70 4 101 87 105
0 9 22 0 111 48 42 79 128 29 48 80 150 62 170 185 109 91 25 182
158 0 0 0 136 96 127 115 55 125 37 188 86 163 150 95 161 42 96 113
31 159 5 13 116 94 120 38 68 21 190 138 145 137 46 130 68 68 100 49
1 151 0 164 114 96 2 168 74 84 111 147 153 124 47 107 65 194 125 148
