1 1 1 1 1 1 1 1 1 1 1 1 1 1 1 1 1 1 1 1
1 1 1 1 1 1 1 1 1 1 1 1 1 1 1 1 1 1 1 1
43 65 21 54 65 54 65 21 43 43 54 54 65 43 65 54 54 32 21 32
37 25 50 50 25 37 62 62 75 50 50 37 37 25 62 37 62 25 75 75
88 0 111 115 84 91 85 83 103 106 123 80 94 105 108 81 121 112 124 88
117 0 82 110 80 108 106 116 89 112 121 97 112 94 75 124 123 117 80 112
91 0 0 0 122 110 102 82 98 94 114 102 111 81 78 84 122 100 90 112
0 101 0 0 86 94 94 80 122 105 120 83 116 89 94 111 94 121 119 124
75 0 78 0 113 89 122 91 85 96 78 93 108 106 98 89 123 112 75 116
110 119 114 0 82 116 91 119 104 111 78 97 119 118 106 115 99 82 121 109
0 0 115 124 80 121 108 119 93 113 116 84 93 101 97 114 93 115 75 76
0 0 0 0 90 94 83 112 107 113 117 84 95 97 91 88 92 79 106 75
124 103 0 81 111 83 101 96 115 100 75 97 99 98 77 108 111 119 87 119
0 78 0 0 93 80 88 81 79 101 109 117 100 82 94 88 94 80 116 110
91 0 0 78 98 83 84 81 120 104 105 88 86 123 110 107 77 75 91 111
121 0 0 108 117 76 111 106 84 92 114 111 97 117 96 84 99 81 112 111
85 0 98 0 81 111 89 83 95 121 86 103 98 121 105 85 83 107 84 76
0 0 112 0 95 108 117 119 98 97 121 111 85 114 78 101 117 91 78 87
96 0 0 90 76 109 124 87 100 104 76 108 109 92 115 77 80 107 111 83
0 0 0 0 106 88 103 121 112 93 112 90 117 105 120 92 92 103 92 116
