1 1 1 1 1 1 1 1 1 1 1 1 1 1 1 1 1 1 1 1
1 1 1 1 1 1 1 1 1 1 1 1 1 1 1 1 1 1 1 1
32 54 65 21 65 65 32 43 32 65 43 32 43 32 54 54 54 43 54 54
50 62 50 75 25 25 50 25 25 37 25 62 37 37 62 37 62 62 25 75
0 118 0 0 116 114 116 112 108 97 105 112 75 81 123 90 107 115 93 90
0 117 81 0 122 106 92 111 95 88 80 123 117 83 88 100 84 88 75 123
77 0 77 0 76 79 110 115 113 112 83 88 103 117 95 82 113 76 117 99
0 0 81 91 76 91 85 76 107 105 75 114 87 84 114 98 101 108 105 124
102 85 0 105 118 85 75 101 110 116 95 124 90 86 89 90 107 100 95 111
0 0 0 0 99 90 79 112 79 95 85 99 103 106 92 91 107 110 112 77
0 0 0 0 77 120 99 104 84 80 86 111 88 93 88 80 80 107 78 91
94 112 0 0 108 84 120 80 87 103 97 118 119 90 124 79 92 112 86 94
0 107 0 98 87 116 93 114 116 83 94 91 98 102 123 102 118 86 114 82
0 0 123 0 102 116 86 90 86 110 90 123 94 85 97 90 106 85 87 98
0 0 0 124 111 113 77 98 87 92 121 95 106 103 83 81 99 88 76 82
0 0 0 0 92 79 85 116 95 85 90 100 79 89 106 79 120 109 121 120
0 0 105 102 124 109 114 99 122 77 90 88 87 122 122 93 92 92 117 106
124 86 0 89 89 75 98 102 83 99 79 92 115 105 103 82 104 113 85 83
81 80 87 0 92 121 84 91 123 83 117 96 81 113 123 109 75 81 90 117
0 0 112 80 91 120 77 91 111 119 115 87 90 105 77 95 82 76 79 81
