1 1 1 1 1 1 1 1 1 1 1 1 1 1 1 1 1 1 1 1
1 1 1 1 1 1 1 1 1 1 1 1 1 1 1 1 1 1 1 1
65 54 32 65 54 54 21 32 54 54 32 65 21 43 65 65 54 54 21 21
75 25 62 37 75 50 25 75 62 75 50 50 62 50 50 25 50 25 62 37
98 0 115 0 80 114 98 82 90 97 85 79 112 113 80 76 110 96 107 97
98 0 80 0 118 106 117 98 119 115 94 97 84 97 115 76 86 114 95 85
0 92 0 119 112 76 84 84 77 102 85 108 97 108 97 120 77 79 118 93
0 99 0 0 108 96 83 82 106 121 116 91 115 111 92 105 84 110 109 85
0 0 102 101 122 124 93 79 77 123 108 120 101 75 100 80 107 78 110 124
108 0 0 0 87 116 97 86 77 120 99 75 95 81 113 101 117 101 112 102
0 99 0 114 120 76 108 102 122 86 107 88 85 107 92 120 91 91 115 80
0 0 97 106 112 102 119 121 112 99 97 104 89 99 107 106 102 98 91 101
122 0 77 102 112 109 115 99 99 109 80 116 111 112 100 103 80 109 96 122
82 83 0 91 98 81 92 85 80 75 108 105 97 75 95 120 100 110 97 113
0 94 75 84 75 85 119 105 118 121 113 78 124 94 76 113 121 113 109 104
105 0 0 105 78 75 108 94 119 78 110 117 78 77 99 95 110 117 75 78
97 88 113 105 88 86 103 80 113 93 81 78 77 95 101 123 76 119 120 122
118 0 0 114 79 87 105 109 108 96 98 105 106 116 108 90 91 78 114 106
0 78 89 0 80 101 78 115 114 106 96 108 77 75 86 105 106 107 80 89
98 0 115 0 116 107 114 112 121 113 116 105 78 120 119 97 100 75 110 123
