1 1 1 1 1 1 1 1 1 1 1 1 1 1 1 1 1 1 1 1
1 1 1 1 1 1 1 1 1 1 1 1 1 1 1 1 1 1 1 1
65 43 65 32 65 32 32 54 54 32 32 32 43 65 43 32 32 43 43 32
37 37 50 50 75 37 25 50 37 75 37 50 25 75 37 25 62 75 75 50
0 0 0 113 105 116 111 114 76 98 118 109 97 89 104 91 102 115 106 84
0 0 85 0 82 96 116 94 108 103 111 96 80 102 119 109 90 107 96 114
100 78 122 0 87 87 109 110 98 82 96 83 116 98 97 116 81 102 104 111
0 0 96 0 82 109 100 77 79 80 95 115 105 121 119 123 78 107 102 80
0 0 83 117 107 105 82 92 75 87 98 117 106 84 97 77 85 99 80 79
0 76 116 103 88 102 99 102 91 104 101 80 120 77 93 79 105 111 78 108
105 87 76 83 84 78 97 93 113 122 124 117 88 105 106 77 102 96 94 117
0 83 118 0 115 84 111 75 88 116 121 104 116 75 81 97 121 117 103 79
0 113 0 115 106 102 85 109 123 96 109 119 78 95 103 78 121 121 84 83
83 111 78 0 123 92 112 112 117 76 89 121 110 88 76 102 108 87 93 82
106 0 0 104 101 117 88 101 119 102 102 97 86 99 119 94 112 76 96 95
117 0 122 0 112 76 98 111 122 107 92 103 82 89 109 77 75 119 79 120
0 0 90 0 78 92 84 77 78 101 89 113 113 76 104 95 123 104 109 94
78 0 110 90 118 107 101 116 115 101 105 95 119 104 104 112 87 101 78 89
95 90 0 0 79 75 88 81 113 95 113 101 106 123 113 81 81 122 111 94
0 112 88 0 76 81 107 124 107 89 81 119 92 118 113 103 105 88 94 99
