1 1 1 1 1 1 1 1 1 1 1 1 1 1 1 1 1 1 1 1
1 1 1 1 1 1 1 1 1 1 1 1 1 1 1 1 1 1 1 1
43 54 21 65 32 43 54 65 43 65 65 21 32 65 32 21 32 43 54 54
25 75 75 62 62 50 37 62 75 25 25 25 37 25 37 50 62 62 25 37
114 0 0 0 117 95 113 84 104 120 88 91 103 95 123 80 95 123 77 120
92 0 89 124 76 90 94 123 84 86 110 111 80 86 85 103 121 76 115 103
94 93 93 0 111 111 120 104 107 103 97 78 116 118 122 83 102 124 80 91
107 120 0 0 114 88 78 123 117 77 83 95 107 111 88 114 77 80 103 113
0 110 0 121 92 106 76 122 117 96 105 102 88 121 102 117 82 112 76 86
86 0 0 0 102 122 101 124 89 124 116 99 112 107 104 84 96 76 99 84
0 0 0 100 119 78 107 114 117 111 99 81 111 100 77 88 77 81 93 124
0 106 88 90 83 113 109 120 123 78 97 99 121 101 94 123 103 98 95 116
0 103 114 0 122 104 92 77 101 121 113 106 82 77 106 122 108 98 123 105
95 119 120 103 108 102 113 121 105 101 95 87 119 88 102 94 96 77 109 101
0 0 0 123 76 101 77 109 118 120 124 112 102 85 95 104 87 110 78 122
114 0 96 103 80 93 102 86 88 124 93 118 90 118 104 88 91 97 112 83
0 0 0 0 92 99 106 88 79 105 106 108 86 119 106 112 101 108 93 96
82 0 0 0 124 123 118 97 79 96 85 110 102 97 79 107 120 95 121 118
114 75 0 83 91 82 102 80 117 114 106 90 124 113 88 120 101 108 120 102
0 0 0 0 101 105 101 109 117 105 101 101 116 94 116 81 79 107 76 78
