1 1 1 1 1 1 1 1 1 1 1 1 1 1 1 1 1 1 1 1
1 1 1 1 1 1 1 1 1 1 1 1 1 1 1 1 1 1 1 1
43 65 65 21 43 65 21 43 54 43 54 54 65 54 43 21 65 54 21 54
62 37 25 62 25 50 50 37 75 25 62 50 25 75 37 75 37 75 50 25
112 0 105 94 92 109 84 115 112 117 97 85 109 79 114 102 111 116 81 115
0 95 100 77 108 91 90 123 124 120 102 112 105 86 110 121 84 81 84 120
0 0 87 0 101 116 82 87 112 110 77 93 110 107 97 98 85 75 124 119
90 124 105 102 93 106 77 83 84 124 84 90 113 97 84 86 101 119 111 107
0 86 0 0 77 90 78 117 102 111 112 106 122 105 82 114 79 113 84 93
0 100 78 0 124 106 121 80 91 76 99 106 123 122 87 86 79 76 79 111
80 0 0 106 124 107 97 113 112 110 123 113 82 106 82 99 111 123 120 82
102 108 77 0 104 120 99 84 79 107 109 77 104 122 110 109 84 75 79 124
0 84 85 102 86 81 116 119 95 112 75 102 75 121 97 80 81 88 111 79
0 103 0 124 123 95 91 87 100 87 98 106 104 99 108 75 79 101 87 102
0 99 0 0 92 77 80 89 110 116 94 87 83 87 116 124 97 95 98 90
76 0 0 0 106 112 106 97 75 89 110 93 104 91 102 93 105 88 97 111
0 0 0 0 95 113 100 120 117 99 119 109 107 116 116 79 98 79 119 82
119 0 87 94 96 101 98 105 99 80 107 101 106 103 96 110 103 78 76 122
87 0 99 0 95 111 116 76 91 120 91 115 82 119 81 79 76 105 124 117
0 118 0 0 96 100 103 109 116 80 81 122 110 107 79 115 96 115 78 103
