1 1 1 1 1 1 1 1 1 1 1 1 1 1 1 1 1 1 1 1
1 1 1 1 1 1 1 1 1 1 1 1 1 1 1 1 1 1 1 1
43 43 32 65 21 65 43 32 32 21 65 54 43 65 21 32 32 43 54 43
25 75 37 37 25 62 75 25 62 25 62 50 62 50 75 75 62 50 62 50
103 78 0 0 92 105 109 121 87 101 81 85 122 117 114 119 121 124 124 92
117 0 0 107 114 105 118 96 107 76 107 100 110 88 119 111 107 99 102 100
0 0 113 92 84 85 105 118 89 86 95 123 89 83 124 90 77 108 78 104
82 100 114 77 83 112 117 83 117 124 118 99 76 107 114 120 96 77 90 99
83 76 108 0 95 86 77 94 80 94 86 118 100 78 119 83 121 113 84 114
0 88 0 122 107 87 92 107 117 115 119 81 101 102 101 110 94 117 87 79
110 92 0 75 102 96 104 109 107 101 116 89 77 98 83 93 85 97 119 105
0 104 0 95 106 83 78 120 111 87 99 104 91 117 104 86 86 102 106 103
75 0 0 0 88 116 99 91 104 77 93 109 102 85 110 102 106 106 109 107
87 0 117 0 119 122 78 106 90 79 96 116 75 119 124 76 90 116 107 111
92 121 0 88 98 103 114 103 121 79 79 118 97 124 82 101 83 118 120 111
0 113 104 93 97 124 112 95 91 108 92 77 99 111 103 107 85 78 77 77
0 88 0 0 94 79 82 95 96 120 75 111 87 106 108 80 107 93 75 86
108 0 0 118 89 83 86 86 97 99 98 99 115 98 97 88 115 96 106 123
104 0 93 0 115 88 75 114 86 96 102 89 86 92 97 107 102 79 90 91
0 0 0 0 115 75 80 85 124 83 95 104 94 121 79 88 96 94 79 110
