1 1 1 1 1 1 1 1 1 1 1 1 1 1 1 1 1 1 1 1
1 1 1 1 1 1 1 1 1 1 1 1 1 1 1 1 1 1 1 1
43 65 32 21 65 21 32 54 21 43 43 43 32 65 65 54 54 43 32 32
25 25 25 75 50 50 62 75 25 25 62 62 37 25 37 37 62 37 62 25
0 0 0 0 87 122 110 94 108 101 93 91 107 75 103 124 110 95 97 97
123 122 108 112 76 116 82 93 94 98 96 80 93 122 104 99 91 100 101 111
0 90 0 89 119 97 102 86 77 106 80 110 106 78 97 89 84 106 80 82
0 0 0 0 111 118 107 77 94 98 122 117 86 114 104 77 85 85 106 91
115 91 93 77 86 115 97 83 110 121 83 93 80 110 116 106 102 98 100 109
0 0 0 0 75 124 110 105 94 102 94 112 107 119 107 79 77 113 76 116
114 0 83 119 124 91 100 121 117 101 104 90 100 106 93 87 111 108 92 90
96 0 120 0 87 98 96 98 90 88 88 85 96 87 105 110 101 95 110 109
0 100 0 75 105 105 75 78 96 110 111 102 77 93 79 104 124 89 88 78
75 0 0 0 80 114 117 121 109 97 103 81 81 112 122 98 118 82 109 106
105 100 105 120 101 88 105 103 97 106 111 78 88 116 97 105 97 91 99 119
0 0 108 105 122 108 97 79 91 75 85 87 95 119 95 93 95 101 122 86
0 0 75 0 85 86 94 89 108 122 114 121 116 107 89 123 121 123 104 80
87 106 103 122 106 113 87 124 110 76 98 117 101 100 110 100 99 119 101 106
0 0 0 88 106 85 100 115 95 81 82 106 84 120 88 102 111 76 101 101
76 78 75 122 84 122 102 76 116 99 113 106 81 107 89 87 119 75 96 79
