1 1 1 1 1 1 1 1 1 1 1 1 1 1 1 1 1 1 1 1
1 1 1 1 1 1 1 1 1 1 1 1 1 1 1 1 1 1 1 1
21 43 32 21 65 54 54 43 65 54 65 21 43 43 54 65 65 21 65 54
50 62 75 75 37 25 75 62 50 62 50 62 50 37 62 50 50 62 25 62
0 0 0 79 115 99 114 102 76 118 102 93 123 117 110 99 83 82 97 79
101 79 0 96 105 88 85 117 114 78 82 90 109 103 91 100 97 89 105 115
120 85 119 103 89 124 91 75 77 122 90 98 100 83 83 106 118 92 119 111
98 96 0 94 83 122 75 85 94 102 103 119 76 91 76 84 120 92 95 122
0 95 107 94 91 113 78 79 110 120 88 115 123 87 108 122 99 91 102 84
107 0 0 0 97 82 93 112 103 91 95 116 123 124 93 98 120 113 93 75
105 0 119 88 100 80 99 90 112 106 112 124 80 84 98 101 90 111 96 91
99 99 119 112 120 86 95 108 93 99 102 110 119 112 92 93 98 110 106 120
0 0 86 107 112 95 77 124 124 75 122 99 120 94 95 79 118 120 112 83
0 107 107 118 89 84 112 95 78 118 77 96 117 77 82 112 112 113 119 78
0 89 0 0 99 76 102 115 77 111 112 107 116 118 93 87 101 94 116 75
0 0 0 0 82 97 120 117 111 97 104 91 108 93 105 115 89 91 94 92
0 0 110 103 86 83 98 78 97 77 84 81 119 102 103 88 116 76 94 120
0 0 83 103 77 109 85 79 78 95 85 118 118 86 103 77 117 87 110 115
0 120 84 88 91 87 111 121 100 117 102 101 103 115 93 117 75 80 101 111
0 0 0 0 97 112 84 91 87 104 81 120 85 89 87 82 82 100 79 117
