1 1 1 1 1 1 1 1 1 1 1 1 1 1 1 1 1 1 1 1
1 1 1 1 1 1 1 1 1 1 1 1 1 1 1 1 1 1 1 1
43 54 32 32 43 65 54 21 32 32 32 21 65 54 21 32 54 21 65 21
37 62 50 62 50 75 62 37 50 25 37 50 75 75 37 62 50 25 37 25
79 115 0 0 104 76 118 86 90 93 100 97 118 103 90 84 109 120 116 113
98 104 111 77 112 113 99 92 84 103 107 109 83 106 84 112 123 96 110 116
114 0 0 118 111 124 86 121 88 90 112 121 100 84 87 96 85 105 111 93
114 94 106 0 91 105 87 97 120 103 85 97 89 75 116 116 75 83 109 114
124 82 75 0 121 76 90 121 106 94 111 98 75 92 90 115 83 93 88 101
0 119 113 0 105 99 110 89 85 118 78 112 92 114 86 111 121 98 97 123
113 108 0 122 93 101 79 113 75 114 98 103 119 109 103 122 101 94 78 120
123 0 108 0 124 84 86 108 81 116 121 99 86 90 124 114 120 78 75 112
103 76 0 117 106 107 104 115 106 85 102 120 113 84 84 84 76 101 102 87
0 0 0 0 78 118 80 76 92 97 76 90 84 97 115 91 91 89 118 120
76 0 89 0 87 121 88 79 82 105 80 101 89 112 109 82 107 93 110 113
96 0 0 0 117 107 101 87 86 100 90 84 78 110 86 124 106 93 91 117
85 0 89 96 98 104 102 107 80 113 120 78 117 112 112 81 105 111 100 119
121 0 81 0 106 96 97 91 104 96 85 115 78 118 76 119 77 86 92 102
89 0 0 95 100 94 120 103 81 105 102 114 103 81 101 105 87 95 99 93
86 75 0 122 99 94 105 87 97 75 78 86 102 110 107 88 76 78 106 94
