1 1 1 1 1 1 1 1 1 1 1 1 1 1 1 1 1 1 1 1
1 1 1 1 1 1 1 1 1 1 1 1 1 1 1 1 1 1 1 1
32 65 54 32 43 54 65 21 54 54 54 32 32 54 54 54 21 21 43 54
62 25 37 62 25 50 75 25 37 50 25 75 50 25 25 25 50 50 75 25
0 0 87 0 98 116 86 102 111 101 88 123 100 113 76 112 115 122 113 110
0 0 105 110 108 93 110 81 107 113 104 96 93 91 91 95 105 107 108 106
75 119 0 0 108 90 114 83 104 116 116 104 85 85 105 103 118 99 95 107
0 88 0 124 82 107 101 118 91 112 81 75 122 94 96 105 107 110 116 117
0 96 0 0 120 112 124 84 103 120 75 82 92 85 93 98 105 117 120 91
98 118 0 0 108 88 96 106 81 123 120 115 93 116 114 102 120 86 91 103
108 0 0 93 93 124 124 109 103 97 118 79 115 102 75 77 100 104 76 80
0 0 0 115 78 121 88 102 120 86 120 96 85 117 109 82 96 80 109 99
118 0 0 0 104 84 82 116 116 77 121 103 82 80 105 98 124 116 98 105
109 0 0 120 107 106 100 122 108 86 119 120 82 84 112 88 112 99 121 87
0 98 0 99 108 115 95 123 76 121 120 86 97 84 123 105 86 77 102 120
0 0 105 97 93 112 119 85 103 75 89 106 83 100 89 119 89 104 105 113
114 122 0 0 124 100 90 97 121 104 93 93 104 78 124 86 108 113 110 121
93 118 0 0 80 112 86 103 91 79 98 114 110 105 113 88 123 90 96 119
78 0 0 0 88 113 102 86 94 79 92 80 124 113 114 101 94 77 97 123
0 105 0 0 105 107 122 106 103 114 117 85 107 81 77 96 93 100 92 105
