1 1 1 1 1 1 1 1 1 1 1 1 1 1 1 1 1 1 1 1
1 1 1 1 1 1 1 1 1 1 1 1 1 1 1 1 1 1 1 1
43 43 21 54 21 54 43 65 54 54 65 54 21 65 21 43 21 65 54 65
37 62 25 37 50 62 50 25 25 37 50 25 75 62 37 62 62 25 50 25
0 108 117 0 79 110 105 106 99 124 124 108 97 88 102 94 111 84 94 89
90 0 113 0 99 121 96 88 99 116 77 80 116 110 111 77 119 102 83 88
0 117 90 0 118 111 116 99 98 111 93 103 109 100 124 92 95 91 82 120
0 78 102 76 104 78 93 85 95 86 100 81 106 99 95 98 76 119 91 109
0 76 0 107 88 100 89 77 113 95 103 124 84 119 118 103 81 120 96 119
75 0 96 93 111 82 123 98 103 88 115 94 99 112 110 124 104 92 119 85
0 0 0 82 102 81 110 77 95 122 78 82 123 98 95 113 76 103 107 105
0 0 99 0 76 95 80 117 75 116 94 124 104 122 122 115 116 100 92 99
87 0 95 121 122 77 118 82 97 121 101 82 100 83 104 105 88 100 79 80
0 106 0 112 77 85 108 75 92 95 101 77 91 124 107 115 96 122 117 77
111 106 109 79 80 111 112 112 105 115 123 117 84 116 81 92 121 94 117 90
90 89 105 75 90 79 79 77 110 121 116 86 86 107 118 88 115 124 89 94
0 99 87 83 117 106 115 83 92 121 89 78 106 92 110 124 100 102 121 94
0 0 0 119 113 103 109 103 102 109 100 89 98 104 113 81 86 79 98 107
102 110 93 98 121 75 113 103 118 117 82 81 94 106 76 90 82 75 84 86
0 0 0 0 92 83 76 119 111 123 82 80 75 100 116 110 112 83 79 96
