1 1 1 1 1 1 1 1 1 1 1 1 1 1 1 1 1 1 1 1
1 1 1 1 1 1 1 1 1 1 1 1 1 1 1 1 1 1 1 1
21 54 54 65 65 43 32 65 21 54 54 65 54 21 32 43 32 65 65 21
50 25 62 37 62 50 75 75 75 75 75 37 62 75 37 62 75 50 75 62
0 0 0 83 122 84 92 116 85 103 120 123 83 121 84 75 118 82 79 76
104 0 104 108 111 119 120 109 93 117 76 78 124 100 113 96 108 85 93 99
92 0 0 83 124 90 96 104 84 99 92 113 118 88 103 93 83 118 86 98
0 76 0 0 93 106 103 106 94 89 107 100 114 115 97 113 123 76 103 122
84 79 0 0 83 107 91 77 94 104 98 104 119 75 81 122 117 80 81 109
0 0 86 0 84 121 81 104 111 102 86 94 94 78 96 98 119 93 123 85
83 0 0 76 108 107 109 111 123 110 93 81 75 91 81 92 124 124 79 103
122 0 76 0 118 83 112 80 98 86 122 120 83 88 81 124 116 109 115 88
0 0 117 0 90 79 121 109 112 99 124 118 116 113 105 86 106 118 106 95
82 0 91 89 115 77 97 113 81 108 113 96 77 110 82 101 112 104 92 115
77 0 0 96 109 103 123 77 81 77 116 114 82 81 118 114 92 116 87 116
0 123 0 111 91 107 121 124 104 116 112 108 95 123 92 96 88 102 116 102
0 93 86 0 86 91 119 77 80 76 124 89 121 84 100 122 75 118 91 88
115 0 0 115 96 121 92 90 86 123 113 83 124 97 104 121 109 80 77 76
0 0 85 112 87 106 88 97 94 77 89 94 123 109 101 124 105 110 90 111
86 106 0 82 115 122 98 112 77 100 103 103 123 97 93 97 85 118 92 108
