1 1 1 1 1 1 1 1 1 1 1 1 1 1 1 1 1 1 1 1
1 1 1 1 1 1 1 1 1 1 1 1 1 1 1 1 1 1 1 1
65 54 65 65 32 32 32 43 21 43 21 21 54 65 43 32 43 43 65 43
37 25 50 50 62 62 50 37 37 62 75 25 37 62 25 62 37 50 50 37
108 106 77 108 95 118 94 117 80 108 94 84 90 118 79 83 77 79 90 98
0 0 116 75 75 122 75 111 120 120 118 85 75 100 82 96 122 90 80 91
0 0 0 0 103 104 83 105 120 98 123 101 84 88 82 119 115 122 118 115
77 0 83 0 76 84 119 89 109 112 87 75 76 111 99 81 95 97 116 95
92 0 0 106 120 83 95 86 76 101 85 77 101 102 93 107 79 120 78 87
0 0 118 0 110 93 106 114 78 113 124 82 110 78 115 90 102 82 111 116
0 114 118 0 124 96 119 87 76 90 104 104 94 91 81 102 84 75 92 96
99 0 0 0 108 82 106 106 107 106 116 114 90 92 113 81 96 116 98 101
115 0 0 0 86 106 90 83 86 105 84 95 121 124 75 108 109 93 121 89
87 0 83 116 89 84 81 87 78 78 122 120 90 90 86 102 103 116 107 86
0 115 0 94 114 91 119 121 88 123 99 120 122 97 92 100 124 114 100 113
101 76 0 99 110 85 114 119 76 106 124 107 95 113 118 112 104 108 99 83
0 0 0 110 94 108 107 96 110 109 88 116 103 90 80 112 94 85 94 108
0 0 0 87 96 117 78 112 109 77 114 84 78 106 103 98 107 110 122 84
89 0 77 109 116 109 77 120 76 84 117 91 107 105 87 98 112 79 112 76
0 0 0 104 119 117 111 93 94 105 115 88 78 82 83 104 110 81 102 102
