1 1 1 1 1 1 1 1 1 1 1 1 1 1 1 1 1 1 1 1
1 1 1 1 1 1 1 1 1 1 1 1 1 1 1 1 1 1 1 1
43 65 54 54 65 54 43 65 65 65 32 65 43 65 21 54 21 54 21 65
50 75 50 62 50 37 50 50 75 62 75 62 75 62 62 25 50 62 37 62
0 123 116 114 110 84 122 124 86 112 86 118 107 77 107 103 101 118 111 94
0 95 0 121 124 104 121 91 82 116 118 101 86 81 96 86 107 96 86 82
0 0 89 113 80 101 100 122 120 98 114 91 94 94 77 106 83 91 96 76
116 76 0 87 114 75 92 90 106 121 111 75 79 124 103 91 103 110 91 116
0 0 98 0 92 106 100 109 106 77 106 84 112 77 112 110 109 122 81 90
0 0 77 0 77 91 112 80 107 116 97 122 85 115 115 123 101 121 118 107
0 76 0 0 83 83 109 120 121 77 113 103 85 76 116 99 110 98 108 114
116 88 103 86 103 124 84 77 83 81 118 102 86 104 124 95 93 82 81 101
113 86 90 79 100 121 75 102 101 89 75 86 105 118 113 102 112 91 111 124
0 0 77 0 77 107 94 100 95 103 105 85 85 121 92 75 115 102 119 98
119 0 106 0 75 105 75 108 90 97 82 89 84 77 103 91 115 81 123 105
0 110 0 0 106 120 79 94 93 110 96 116 86 89 77 122 92 108 80 116
82 0 110 0 94 76 98 78 81 76 120 119 109 89 75 87 91 102 94 99
0 95 95 82 123 116 112 76 80 118 90 110 110 83 104 122 120 96 81 100
97 83 96 76 95 88 83 103 95 99 77 82 84 93 78 118 76 111 92 77
0 75 0 115 100 117 93 120 90 108 101 78 118 98 124 109 116 90 112 99
