1 1 1 1 1 1 1 1 1 1 1 1 1 1 1 1 1 1 1 1
1 1 1 1 1 1 1 1 1 1 1 1 1 1 1 1 1 1 1 1
32 21 54 32 54 54 21 65 65 32 54 32 54 21 32 21 21 32 32 54
250 100 250 200 200 150 200 100 250 200 250 300 300 250 250 300 250 100 100 250
0 0 109 88 81 114 113 90 104 88 91 102 107 75 115 112 91 104 87 115
0 0 98 108 95 94 111 94 97 101 109 84 103 87 114 121 108 76 96 105
90 104 0 0 79 86 116 97 75 100 86 105 117 96 85 124 105 112 81 92
90 0 99 97 121 96 78 101 110 91 90 105 116 82 121 102 119 115 99 90
77 80 94 110 92 88 105 75 111 85 112 113 85 110 80 101 115 120 100 82
0 0 0 0 123 123 114 103 87 90 88 108 123 98 88 117 115 117 83 85
0 0 101 0 111 116 86 79 124 124 123 96 101 117 101 82 91 94 112 117
0 0 80 111 85 116 101 111 86 107 124 112 103 79 101 100 121 112 98 117
0 0 108 0 112 90 116 86 101 78 82 99 85 111 96 97 85 79 101 90
102 114 113 80 89 82 80 92 117 103 75 124 123 81 95 84 108 76 94 98
0 0 0 0 79 80 98 120 82 101 110 93 101 119 101 87 116 90 84 109
78 123 0 0 119 91 99 94 75 80 111 76 82 108 94 111 105 103 109 93
85 111 0 0 77 76 109 90 111 86 110 123 93 101 82 114 104 95 76 88
0 0 121 0 79 85 81 93 117 92 95 75 108 121 120 91 82 96 101 92
91 0 95 0 80 124 83 85 110 122 124 116 124 104 108 120 75 89 107 102
0 0 0 0 117 103 119 78 103 76 95 97 96 119 119 100 111 101 79 120
