1 1 1 1 1 1 1 1 1 1 1 1 1 1 1 1 1 1 1 1
1 1 1 1 1 1 1 1 1 1 1 1 1 1 1 1 1 1 1 1
21 21 65 21 32 65 65 65 54 32 54 21 65 21 43 32 54 21 65 65
300 150 300 150 300 100 100 300 250 100 100 300 100 250 150 200 200 300 100 300
0 97 0 116 123 98 101 95 122 99 87 109 103 83 103 90 112 79 96 84
79 124 106 0 87 82 111 122 119 89 84 84 109 82 91 117 94 106 107 118
0 102 0 0 108 91 99 85 112 79 123 92 76 91 104 120 102 113 92 80
0 0 92 82 96 109 112 102 122 120 102 87 105 103 109 106 103 95 123 83
0 91 0 75 113 117 98 83 78 90 90 121 75 106 120 107 101 75 87 124
0 97 106 108 104 102 122 117 119 100 113 118 76 84 113 119 83 75 109 123
0 0 0 101 123 80 107 86 86 122 93 119 123 118 119 124 77 124 105 95
0 97 0 0 116 102 123 99 107 94 114 88 84 78 85 87 116 93 83 123
0 0 99 103 91 77 117 101 102 105 100 97 117 118 103 104 80 76 76 116
92 92 0 87 87 108 122 113 81 122 96 82 117 84 83 77 116 96 103 112
91 123 106 0 104 84 91 111 83 76 124 77 96 108 115 117 110 81 121 99
0 0 109 0 76 82 89 112 117 83 109 116 93 124 121 87 78 75 90 76
87 80 0 84 112 83 82 107 78 108 97 82 121 121 121 85 108 122 123 75
124 80 0 82 115 105 94 124 80 85 88 85 86 85 109 120 77 78 95 108
0 0 0 81 117 118 114 102 123 83 86 118 97 89 116 85 84 94 77 108
90 87 0 100 104 84 90 83 94 85 119 121 94 120 95 117 109 99 112 83
