1 1 1 1 1 1 1 1 1 1 1 1 1 1 1 1 1 1 1 1
1 1 1 1 1 1 1 1 1 1 1 1 1 1 1 1 1 1 1 1
32 54 32 54 32 65 65 21 54 65 65 65 43 43 21 32 21 43 32 43
100 300 150 200 250 250 150 100 200 100 100 200 200 250 250 150 150 300 200 100
94 119 0 84 79 88 92 118 92 83 76 119 111 123 82 80 75 100 116 110
0 95 0 0 92 114 107 85 120 77 97 79 97 102 98 102 84 77 87 79
0 0 92 122 84 124 96 87 118 111 84 97 76 82 88 124 76 100 95 88
0 112 0 0 124 97 123 105 124 98 109 108 114 93 101 118 101 91 118 115
111 103 105 0 117 104 81 80 121 107 81 87 78 104 99 92 104 106 115 122
0 81 123 0 108 117 77 79 110 105 106 99 124 124 108 97 88 102 94 111
92 120 0 90 92 113 80 99 121 96 88 99 116 77 80 116 110 111 77 119
123 0 0 0 117 90 83 118 111 116 99 98 111 93 103 109 100 124 92 95
0 105 75 91 78 102 76 104 78 93 85 95 86 100 81 106 99 95 98 76
91 0 116 0 76 87 107 88 100 89 77 113 95 103 124 84 119 118 103 81
0 0 104 75 106 96 93 111 82 123 98 103 88 115 94 99 112 110 124 104
0 0 96 110 79 76 82 102 81 110 77 95 122 78 82 123 98 95 113 76
111 0 98 112 117 99 77 76 95 80 117 75 116 94 124 104 122 122 115 116
0 100 0 0 120 95 121 122 77 118 82 97 121 101 82 100 83 104 105 88
0 93 0 119 106 81 112 77 85 108 75 92 95 101 77 91 124 107 115 96
113 85 123 0 106 109 79 80 111 112 112 105 115 123 117 84 116 81 92 121
