1 1 1 1 1 1 1 1 1 1 1 1 1 1 1 1 1 1 1 1
1 1 1 1 1 1 1 1 1 1 1 1 1 1 1 1 1 1 1 1
43 43 32 21 65 21 54 43 43 54 21 43 54 21 54 21 21 65 43 54
250 100 100 250 300 150 150 250 150 250 200 300 100 200 200 250 200 250 100 100
124 76 121 0 91 121 90 97 100 109 115 109 112 121 88 106 84 107 118 119
78 118 0 0 110 107 88 98 97 83 103 104 98 91 124 110 99 108 76 76
80 100 0 0 118 107 110 111 109 95 100 76 97 121 78 81 122 92 86 96
0 0 0 0 103 81 104 120 93 111 76 111 119 86 120 96 101 121 76 79
88 0 0 112 101 124 94 106 117 96 90 112 99 91 96 86 115 98 84 117
0 0 103 0 83 85 108 103 93 120 103 103 77 114 77 107 95 104 113 116
0 0 0 0 77 96 118 120 112 116 93 105 107 88 78 98 111 110 105 87
0 0 0 101 113 95 84 115 115 86 85 123 81 90 118 107 124 99 124 113
99 0 109 0 115 99 106 78 90 81 100 89 121 94 87 83 94 121 119 124
97 0 0 0 108 84 109 94 115 113 120 100 75 90 97 104 88 93 124 84
117 0 0 0 79 120 82 98 103 79 88 83 106 94 84 107 83 82 88 82
0 0 0 96 99 91 107 110 107 85 109 86 90 96 112 88 100 82 107 85
86 0 79 105 118 102 86 115 89 97 97 113 80 97 98 107 93 96 84 117
0 108 96 108 103 101 79 107 117 107 113 85 124 84 122 84 85 76 114 119
0 123 103 0 108 111 94 100 77 109 89 98 93 89 85 111 120 100 105 121
0 92 123 83 119 102 96 93 96 93 124 109 105 77 109 93 85 102 121 123
