1 1 1 1 1 1 1 1 1 1 1 1 1 1 1 1 1 1 1 1
1 1 1 1 1 1 1 1 1 1 1 1 1 1 1 1 1 1 1 1
54 65 21 32 21 43 32 32 32 65 43 21 43 65 54 43 21 65 54 32
100 250 200 100 300 250 200 300 250 250 250 300 150 200 200 250 100 300 250 100
0 0 106 0 86 121 81 122 98 122 115 112 96 92 122 120 104 93 124 82
87 76 0 108 83 111 82 79 103 115 112 75 83 118 118 79 112 90 101 102
0 91 0 103 124 100 114 95 83 118 102 121 90 77 108 113 108 105 104 107
84 0 103 106 117 92 76 99 85 80 95 120 94 90 107 95 124 102 110 123
0 94 0 79 86 103 89 83 111 83 104 105 91 97 97 77 99 91 100 124
93 109 0 0 77 101 93 114 87 79 105 122 105 108 83 87 88 94 123 106
124 115 0 81 88 80 99 121 122 123 99 109 93 113 79 75 96 85 103 75
86 0 0 0 79 88 121 84 124 99 105 81 100 111 79 113 121 95 115 90
95 113 117 117 82 106 122 79 116 94 84 82 102 115 110 78 114 89 85 111
84 93 0 100 79 124 116 114 85 76 81 108 111 97 75 85 121 84 80 90
77 0 0 0 81 87 116 106 101 85 75 94 114 95 90 107 83 101 114 90
0 86 0 83 77 78 121 124 75 122 122 106 96 120 110 107 76 87 89 82
116 0 0 103 77 78 117 114 105 94 82 76 119 122 79 107 107 123 121 79
0 115 0 105 119 118 108 94 87 78 116 77 83 91 87 110 86 83 94 82
107 82 0 0 91 81 114 111 94 123 79 122 96 88 109 79 78 85 83 82
0 120 79 0 91 113 119 107 118 110 117 118 112 105 105 110 94 115 85 98
