1 1 1 1 1 1 1 1 1 1 1 1 1 1 1 1 1 1 1 1
1 1 1 1 1 1 1 1 1 1 1 1 1 1 1 1 1 1 1 1
21 54 21 65 21 65 43 21 21 21 32 65 54 21 32 21 43 65 54 43
250 100 250 300 300 300 200 300 200 150 150 100 150 200 250 100 250 300 200 150
0 100 0 121 124 76 85 97 122 96 116 86 117 91 119 95 76 94 103 116
119 92 0 110 80 95 100 119 108 99 84 107 121 94 101 75 117 88 111 89
0 0 0 0 111 122 115 78 81 98 120 95 89 86 87 96 93 87 111 100
79 78 0 122 77 79 81 85 84 95 91 123 86 122 106 88 82 77 79 81
0 0 0 107 96 76 89 104 123 116 99 84 113 80 83 121 103 77 75 122
90 124 0 100 118 90 101 92 111 96 106 96 80 78 87 105 114 117 93 77
84 0 79 90 77 106 91 78 86 80 90 105 119 90 79 119 80 92 118 105
0 0 0 105 110 103 116 88 95 76 107 76 117 91 83 112 88 99 75 123
0 123 112 104 101 120 103 123 78 80 114 85 98 83 91 100 102 78 123 84
103 97 80 78 79 90 117 124 95 95 122 120 109 77 87 108 109 88 91 94
102 0 106 101 76 75 122 81 103 89 115 83 113 113 96 94 105 120 106 99
0 0 97 0 93 87 117 116 101 110 122 82 79 109 86 104 86 106 104 88
0 114 0 0 116 97 77 93 111 89 104 96 83 103 104 94 116 107 75 123
0 96 0 0 114 85 90 91 100 121 81 77 88 98 84 106 93 116 105 120
0 0 0 113 84 91 102 78 116 99 92 124 79 92 108 104 93 113 89 89
103 0 84 76 107 80 82 95 110 111 110 78 81 119 124 75 114 123 83 91
