1 1 1 1 1 1 1 1 1 1 1 1 1 1 1 1 1 1 1 1
1 1 1 1 1 1 1 1 1 1 1 1 1 1 1 1 1 1 1 1
65 21 54 54 43 43 65 32 32 65 54 65 32 54 43 21 65 65 54 43
150 200 100 200 300 250 300 100 150 200 250 250 200 150 200 250 200 100 300 150
121 0 0 0 102 90 110 107 100 121 114 105 83 84 113 76 121 117 78 75
0 0 0 123 123 123 86 81 106 93 115 90 112 109 120 77 97 78 116 96
79 0 0 0 111 103 104 92 82 101 122 90 103 81 111 80 123 104 124 85
83 0 89 115 111 98 83 113 87 110 86 124 120 109 81 81 124 101 111 101
83 99 0 104 76 87 108 77 80 119 109 109 90 101 115 119 84 100 79 78
0 0 0 0 109 99 76 78 94 103 113 120 96 113 90 111 107 89 99 123
124 0 102 114 99 93 87 122 80 78 79 116 106 91 87 115 119 121 122 111
99 0 0 90 99 123 83 102 90 104 113 113 115 108 110 94 101 99 101 81
0 0 0 120 102 124 112 121 115 105 94 75 108 108 107 107 109 86 117 118
0 0 105 0 91 109 108 98 110 96 90 91 106 111 88 103 112 81 107 107
0 0 101 0 119 119 99 107 114 109 119 112 94 93 85 115 102 112 85 75
0 123 0 0 123 84 111 76 104 106 84 87 95 82 117 86 91 75 117 82
102 96 0 81 80 98 115 91 115 114 94 117 91 106 111 113 110 96 113 119
0 0 124 0 92 120 123 99 96 105 97 96 92 124 81 80 94 82 118 100
0 0 103 0 121 123 88 86 93 120 101 98 119 114 120 121 92 85 101 85
0 101 0 86 102 103 91 105 90 96 104 114 118 122 112 83 122 124 97 118
