1 1 1 1 1 1 1 1 1 1 1 1 1 1 1 1 1 1 1 1
1 1 1 1 1 1 1 1 1 1 1 1 1 1 1 1 1 1 1 1
21 54 43 43 65 32 32 21 21 32 32 32 21 21 54 54 54 54 43 43
250 150 300 100 200 150 300 100 100 100 200 300 200 200 200 150 100 150 150 100
0 110 0 80 111 97 87 99 84 101 81 85 101 82 115 75 89 117 91 97
0 0 0 77 123 96 118 90 106 79 118 85 115 88 86 108 95 101 102 76
92 81 124 91 95 124 101 107 108 102 107 95 94 85 87 105 103 103 76 110
0 113 0 99 98 83 92 118 77 81 78 95 105 116 96 117 76 106 81 112
0 78 92 106 95 103 97 95 84 83 103 82 100 108 82 104 123 86 97 89
0 0 0 115 91 110 87 112 113 120 100 119 81 121 112 95 77 106 88 78
0 79 0 0 111 76 109 98 97 99 76 102 101 106 110 88 76 91 88 116
94 0 0 104 97 121 104 121 110 92 88 93 110 120 89 76 113 113 80 118
0 99 0 124 102 117 76 110 103 91 91 118 99 93 94 117 121 86 91 103
0 101 0 102 106 107 110 116 89 115 99 76 94 107 105 89 118 79 121 107
109 108 81 81 116 107 108 114 121 98 107 81 118 115 90 119 94 101 87 112
99 0 0 0 94 90 89 106 101 124 122 101 119 104 116 93 102 79 99 89
0 0 113 0 95 97 111 122 99 97 113 109 119 106 117 112 80 79 97 81
89 121 115 75 95 107 94 78 110 75 83 113 114 101 94 122 105 104 88 85
95 81 0 0 108 85 108 88 113 83 85 105 82 104 86 101 92 102 83 78
0 0 0 82 78 96 89 79 122 122 116 105 124 117 98 92 117 75 107 100
