1 1 1 1 1 1 1 1 1 1 1 1 1 1 1 1 1 1 1 1
1 1 1 1 1 1 1 1 1 1 1 1 1 1 1 1 1 1 1 1
32 54 32 21 43 21 54 54 21 21 54 65 21 21 21 43 65 32 32 32
150 200 250 250 150 250 200 200 200 100 100 150 200 100 150 200 100 250 100 250
93 113 87 96 111 104 111 92 93 123 96 83 76 82 111 112 75 88 106 93
106 75 0 77 89 122 98 80 97 105 119 97 80 123 101 110 109 82 122 75
81 90 0 82 111 92 81 106 83 101 107 122 94 75 97 93 108 95 101 108
106 108 0 0 100 87 85 97 78 118 96 117 82 109 101 84 102 121 115 107
0 124 95 0 113 96 81 85 121 91 99 75 100 113 104 116 96 105 98 76
0 92 0 0 118 75 121 117 100 119 78 107 96 81 85 119 113 118 120 119
0 0 121 86 78 120 76 114 119 91 83 99 102 95 115 85 77 106 75 103
0 75 115 0 94 118 80 103 99 84 96 115 112 82 106 81 122 76 114 99
0 0 0 75 100 76 99 107 76 106 118 87 98 90 116 118 118 120 85 121
0 117 109 0 121 106 107 114 77 110 99 92 120 97 121 106 103 111 95 98
113 106 0 0 88 82 123 78 124 86 87 113 105 109 92 98 109 104 94 105
0 0 121 106 84 106 123 97 124 78 86 105 95 100 120 93 95 118 98 117
86 0 0 86 111 81 75 118 100 91 88 100 88 103 99 97 80 114 112 101
92 121 0 0 87 82 87 119 89 82 96 110 102 118 115 88 82 89 102 82
0 0 0 0 98 110 94 116 121 91 77 80 102 124 114 109 119 93 91 93
0 0 102 111 95 99 123 120 104 104 97 117 94 123 112 96 101 95 89 107
