1 1 1 1 1 1 1 1 1 1 1 1 1 1 1 1 1 1 1 1
1 1 1 1 1 1 1 1 1 1 1 1 1 1 1 1 1 1 1 1
32 32 65 43 54 43 54 21 43 43 54 54 21 32 21 21 43 65 65 21
150 250 200 200 250 250 200 150 150 200 300 300 200 150 300 200 100 300 150 100
80 97 0 0 98 113 109 120 97 112 84 91 87 104 81 120 85 89 87 82
124 0 96 109 102 120 124 103 99 122 85 97 81 115 110 101 96 111 86 82
101 118 0 94 100 86 90 111 117 101 99 101 101 80 105 106 96 92 85 99
0 0 113 0 110 107 119 115 75 112 114 104 117 76 104 99 109 100 87 91
79 97 0 97 80 98 81 124 88 87 106 110 109 90 110 99 102 83 99 112
78 80 99 86 94 111 79 115 99 114 102 76 118 102 93 123 117 110 99 83
106 116 107 101 79 96 96 105 88 85 117 114 78 82 90 109 103 91 100 97
116 0 114 0 85 119 103 89 124 91 75 77 122 90 98 100 83 83 106 118
0 0 0 98 96 109 94 83 122 75 85 94 102 103 119 76 91 76 84 120
94 124 0 118 95 107 94 91 113 78 79 110 120 88 115 123 87 108 122 99
113 0 94 107 76 95 85 97 82 93 112 103 91 95 116 123 124 93 98 120
0 0 0 0 81 119 88 100 80 99 90 112 106 112 124 80 84 98 101 90
0 0 0 0 99 119 112 120 86 95 108 93 99 102 110 119 112 92 93 98
0 0 0 0 100 86 107 112 95 77 124 124 75 122 99 120 94 95 79 118
0 83 0 0 107 107 118 89 84 112 95 78 118 77 96 117 77 82 112 112
0 0 0 90 89 102 75 99 76 102 115 77 111 112 107 116 118 93 87 101
