1 1 1 1 1 1 1 1 1 1 1 1 1 1 1 1 1 1 1 1
1 1 1 1 1 1 1 1 1 1 1 1 1 1 1 1 1 1 1 1
21 43 65 32 32 21 65 54 65 21 21 32 65 21 21 21 32 65 65 54
200 250 150 300 250 200 250 300 200 200 150 200 250 250 300 300 150 150 250 200
0 0 113 0 103 112 88 118 76 81 107 124 107 89 81 119 92 118 113 103
0 0 0 0 105 96 107 115 89 110 80 90 116 80 102 93 83 96 98 124
85 0 0 0 101 83 88 124 101 115 94 97 88 80 119 89 97 121 92 108
111 107 0 124 120 90 86 116 83 105 77 110 89 108 113 102 120 117 115 87
0 0 90 0 123 93 119 81 105 119 94 101 91 115 124 93 102 82 120 100
81 0 76 87 76 87 113 105 116 111 114 76 98 118 109 97 89 104 91 102
77 0 97 108 123 85 106 82 96 116 94 108 103 111 96 80 102 119 109 90
0 75 86 0 78 122 108 87 87 109 110 98 82 96 83 116 98 97 116 81
0 98 77 0 82 96 119 82 109 100 77 79 80 95 115 105 121 119 123 78
93 97 0 79 85 83 117 107 105 82 92 75 87 98 117 106 84 97 77 85
0 121 0 0 76 116 103 88 102 99 102 91 104 101 80 120 77 93 79 105
89 89 0 0 87 76 83 84 78 97 93 113 122 124 117 88 105 106 77 102
107 113 99 122 83 118 113 115 84 111 75 88 116 121 104 116 75 81 97 121
0 0 82 104 113 103 115 106 102 85 109 123 96 109 119 78 95 103 78 121
0 0 112 0 111 78 80 123 92 112 112 117 76 89 121 110 88 76 102 108
0 118 112 0 84 107 104 101 117 88 101 119 102 102 97 86 99 119 94 112
