1 1 1 1 1 1 1 1 1 1 1 1 1 1 1 1 1 1 1 1
1 1 1 1 1 1 1 1 1 1 1 1 1 1 1 1 1 1 1 1
21 54 32 54 43 32 32 65 54 65 32 54 43 21 21 32 32 32 54 32
100 300 250 300 300 150 100 100 150 200 300 250 150 100 300 300 150 300 200 100
98 80 103 82 86 89 101 112 115 75 80 85 124 83 95 104 94 121 79 88
118 0 0 0 121 80 108 105 96 107 101 93 92 85 109 103 124 123 84 85
0 0 90 0 81 121 87 111 115 97 119 79 80 113 81 84 76 94 93 114
95 100 106 0 88 87 124 120 82 76 90 88 97 89 108 123 113 92 88 94
0 111 105 0 96 120 85 99 93 91 89 117 101 99 99 104 121 101 96 114
97 0 107 0 78 117 87 92 105 109 121 87 101 81 85 122 117 114 119 121
0 101 98 117 80 88 107 114 105 118 96 107 76 107 100 110 88 119 111 107
0 0 112 0 79 113 92 84 85 105 118 89 86 95 123 89 83 124 90 77
0 0 0 0 100 114 77 83 112 117 83 117 124 118 99 76 107 114 120 96
0 123 107 83 76 108 87 95 86 77 94 80 94 86 118 100 78 119 83 121
0 78 0 114 88 111 122 107 87 92 107 117 115 119 81 101 102 101 110 94
0 107 115 110 92 98 75 102 96 104 109 107 101 116 89 77 98 83 93 85
106 117 76 100 104 80 95 106 83 78 120 111 87 99 104 91 117 104 86 86
94 0 0 0 80 110 82 88 116 99 91 104 77 93 109 102 85 110 102 106
94 0 81 0 110 117 116 119 122 78 106 90 79 96 116 75 119 124 76 90
0 119 0 92 121 92 88 98 103 114 103 121 79 79 118 97 124 82 101 83
