1 1 1 1 1 1 1 1 1 1 1 1 1 1 1 1 1 1 1 1
1 1 1 1 1 1 1 1 1 1 1 1 1 1 1 1 1 1 1 1
21 54 65 43 54 32 65 43 65 54 21 32 32 21 43 21 65 54 21 65
100 100 100 150 300 150 100 300 250 200 250 100 150 250 150 100 300 300 150 150
94 0 0 115 108 90 80 76 113 90 86 116 92 96 102 83 98 77 94 119
104 0 113 0 95 116 115 124 113 102 94 93 90 86 87 114 76 89 107 111
120 115 106 0 88 108 101 82 94 83 76 88 87 110 122 112 81 84 78 115
0 78 0 84 77 102 88 120 94 94 87 91 107 118 121 88 97 104 101 124
120 0 0 78 120 120 86 112 87 110 88 104 92 120 124 98 96 102 91 96
0 0 86 110 103 99 120 109 76 95 93 94 79 75 97 82 123 78 96 95
0 118 0 0 114 113 121 86 120 99 111 81 93 82 99 91 101 89 90 101
112 96 0 105 82 83 89 83 115 78 82 119 83 115 89 104 108 81 82 121
0 0 101 0 124 81 112 75 108 113 75 109 117 83 81 90 88 88 81 79
76 80 107 0 124 92 96 98 78 106 107 107 79 117 83 99 98 91 93 103
97 102 0 0 103 112 112 99 94 82 100 123 105 85 117 119 87 106 120 89
0 0 0 0 113 123 120 84 97 86 119 92 106 94 85 110 95 99 107 121
111 104 122 0 93 111 89 123 80 124 103 108 117 90 117 106 79 75 115 100
93 0 0 0 88 111 98 102 112 97 99 82 102 118 112 110 98 90 105 115
0 77 0 0 120 97 124 112 82 103 121 117 79 75 86 107 109 115 112 105
88 0 0 0 102 102 116 101 87 86 120 89 97 103 114 111 118 111 75 94
