1 1 1 1 1 1 1 1 1 1 1 1 1 1 1 1 1 1 1 1
1 1 1 1 1 1 1 1 1 1 1 1 1 1 1 1 1 1 1 1
65 65 32 32 54 32 43 21 32 32 21 65 32 21 54 54 21 21 65 43
200 300 150 150 100 150 200 300 300 300 150 100 300 100 300 150 200 100 300 200
75 77 0 0 86 106 98 82 115 122 98 112 77 100 103 103 123 97 93 97
0 102 102 120 85 79 109 86 87 102 87 110 92 96 98 109 101 89 107 80
0 0 97 0 87 118 91 75 119 92 98 92 100 123 113 106 110 92 114 110
0 79 0 0 104 117 85 122 107 114 90 78 107 110 90 85 120 96 122 123
0 82 0 0 122 84 93 88 116 85 117 90 87 104 99 102 109 82 112 75
0 80 109 124 115 113 83 122 84 92 116 85 103 120 123 83 121 84 75 118
103 0 0 0 91 104 108 111 119 120 109 93 117 76 78 124 100 113 96 108
80 0 78 92 92 124 83 124 90 96 104 84 99 92 113 118 88 103 93 83
90 85 0 0 76 99 99 93 106 103 106 94 89 107 100 114 115 97 113 123
121 108 0 84 79 86 85 83 107 91 77 94 104 98 104 119 75 81 122 117
0 0 0 91 84 86 82 84 121 81 104 111 102 86 94 94 78 96 98 119
0 0 92 83 91 94 76 108 107 109 111 123 110 93 81 75 91 81 92 124
100 0 0 0 92 76 109 118 83 112 80 98 86 122 120 83 88 81 124 116
113 104 110 0 121 117 107 90 79 121 109 112 99 124 118 116 113 105 86 106
0 82 0 82 100 91 89 115 77 97 113 81 108 113 96 77 110 82 101 112
0 100 113 0 118 105 96 109 103 123 77 81 77 116 114 82 81 118 114 92
