1 1 1 1 1 1 1 1 1 1 1 1 1 1 1 1 1 1 1 1
1 1 1 1 1 1 1 1 1 1 1 1 1 1 1 1 1 1 1 1
54 65 21 21 32 32 65 32 54 32 43 21 65 32 54 43 43 43 43 65
150 250 200 200 100 300 300 300 150 300 100 100 300 200 300 300 250 100 200 200
85 0 0 113 113 120 94 88 81 120 102 85 100 103 93 119 123 115 101 123
0 0 0 0 108 114 85 110 94 109 86 113 115 86 81 77 76 97 91 91
0 124 109 89 91 101 94 94 121 122 107 90 106 106 95 82 99 93 95 78
0 93 75 0 117 98 87 89 89 98 102 79 96 88 82 99 94 108 93 120
0 0 121 123 80 76 77 93 112 76 108 114 107 98 89 89 75 75 122 92
0 0 0 0 114 111 75 97 99 81 105 97 114 79 98 101 103 98 95 85
0 106 88 0 96 111 109 83 122 96 88 103 124 104 124 89 78 99 108 77
83 0 0 120 123 99 110 80 104 85 78 114 100 94 90 93 81 82 80 97
96 88 121 0 102 83 83 84 81 78 122 80 92 110 77 92 85 87 103 124
117 0 0 0 89 121 86 80 96 103 107 113 105 121 95 82 124 86 83 78
0 0 88 0 109 98 115 120 84 99 96 86 106 119 119 90 107 79 84 75
111 0 81 0 80 85 95 124 92 101 124 77 75 93 89 100 103 100 102 96
114 81 88 116 76 108 111 107 85 83 111 85 87 118 98 76 89 119 96 83
95 0 0 0 84 116 96 85 110 76 107 114 96 96 77 93 97 80 108 115
88 124 0 0 118 99 115 116 123 110 107 98 81 118 89 112 121 101 124 77
104 0 95 0 76 75 86 111 77 105 105 85 102 105 88 87 111 120 97 82
