1 1 1 1 1 1 1 1 1 1 1 1 1 1 1 1 1 1 1 1
1 1 1 1 1 1 1 1 1 1 1 1 1 1 1 1 1 1 1 1
54 54 54 65 32 54 32 21 21 65 65 54 43 43 54 65 65 32 32 21
600 800 800 1200 400 800 800 600 600 1000 800 1000 400 800 400 400 1000 1200 400 1200
116 89 117 0 93 110 115 115 92 120 83 121 102 113 86 113 106 79 122 87
82 91 118 0 87 107 84 119 123 101 85 102 78 108 116 75 96 88 88 117
82 0 0 76 111 115 104 117 107 79 116 76 90 122 106 93 102 115 77 95
106 0 0 82 116 99 100 75 88 99 105 81 86 85 81 121 120 123 113 123
0 109 0 104 102 83 93 110 112 123 108 98 106 81 106 118 116 88 118 109
0 0 77 0 92 92 110 110 112 107 83 98 88 114 90 110 110 96 98 76
120 0 96 0 91 93 101 82 123 113 123 124 98 86 79 98 110 119 78 79
86 0 0 0 90 120 106 105 82 121 112 124 81 100 111 87 105 81 123 88
0 95 0 89 118 83 100 123 107 114 121 123 88 106 86 121 77 79 108 113
0 0 0 108 81 88 78 109 85 117 97 96 97 84 98 119 111 93 119 113
0 0 0 0 108 124 77 77 88 116 98 106 123 119 101 95 104 84 92 99
108 0 0 122 102 80 109 106 114 83 87 86 97 82 117 99 87 120 111 95
0 99 112 100 123 107 87 124 121 116 98 105 114 83 86 84 76 90 122 101
0 82 0 86 114 107 118 113 109 124 88 95 95 108 78 95 118 77 109 92
85 111 76 75 98 108 102 114 112 86 80 82 95 87 90 102 103 97 106 103
0 0 82 0 111 112 96 99 124 94 90 87 108 121 85 123 81 80 95 96
