1 1 1 1 1 1 1 1 1 1 1 1 1 1 1 1 1 1 1 1
1 1 1 1 1 1 1 1 1 1 1 1 1 1 1 1 1 1 1 1
54 21 32 43 21 32 32 43 21 65 65 65 65 32 65 43 32 32 54 32
1000 800 1000 400 1200 1200 1200 800 800 800 400 1200 400 1000 600 1200 1000 600 1000 600
83 120 107 0 91 80 112 119 93 106 100 75 105 75 108 90 97 82 89 84
91 78 0 79 78 106 120 118 110 124 102 106 120 79 94 93 110 96 116 86
91 0 122 85 95 99 92 82 80 110 114 94 76 98 78 81 76 120 119 109
0 0 105 96 107 123 101 118 95 95 82 123 116 112 76 80 118 90 110 110
115 0 0 0 75 80 92 97 83 96 76 95 88 83 103 95 99 77 82 84
0 0 0 0 84 93 96 93 75 115 115 100 117 93 120 90 108 101 78 118
89 0 0 0 76 77 109 110 100 84 84 114 88 102 111 86 98 101 81 76
0 103 0 0 95 102 80 80 106 108 100 97 89 86 111 107 108 97 82 111
76 0 0 100 78 100 75 115 111 121 77 105 88 88 76 95 103 123 114 105
97 0 0 104 110 109 78 97 85 77 104 95 123 106 106 96 83 76 121 99
0 102 99 100 95 121 91 123 116 114 110 84 122 124 86 112 86 118 107 77
0 89 116 0 91 101 87 95 111 121 124 104 121 91 82 116 118 101 86 81
84 108 0 109 97 93 103 99 89 113 80 101 100 122 120 98 114 91 94 94
77 77 91 0 101 104 116 76 83 87 114 75 92 90 106 121 111 75 79 124
108 117 98 83 101 123 117 77 98 110 92 106 100 109 106 77 106 84 112 77
0 0 108 0 123 94 120 124 77 107 77 91 112 80 107 116 97 122 85 115
