1 1 1 1 1 1 1 1 1 1 1 1 1 1 1 1 1 1 1 1
1 1 1 1 1 1 1 1 1 1 1 1 1 1 1 1 1 1 1 1
32 32 54 65 43 54 43 32 43 21 21 21 32 21 54 43 54 65 21 21
800 600 1200 400 1000 400 600 600 800 800 400 400 400 1200 400 800 600 1000 1200 400
0 109 90 0 113 94 90 100 112 106 94 119 75 84 118 116 108 108 98 122
105 92 0 0 102 87 85 97 96 93 124 100 115 124 112 93 106 112 107 101
0 90 0 0 86 124 100 106 90 120 99 107 89 111 79 90 98 78 105 89
0 108 0 0 114 87 120 107 108 83 92 116 84 103 95 101 90 116 75 114
0 0 116 121 88 80 106 91 115 111 112 108 97 83 96 82 93 75 123 112
77 121 0 94 88 96 104 101 97 99 98 96 117 83 89 96 85 116 84 108
0 0 118 80 83 93 78 96 95 109 122 92 88 105 104 75 97 94 118 78
0 0 111 89 106 114 124 115 115 82 86 87 89 115 103 90 103 119 123 120
104 103 0 0 121 80 114 88 122 86 109 93 91 90 111 113 86 75 119 94
106 94 0 0 120 112 96 75 80 123 112 109 92 91 87 100 102 123 105 89
0 0 123 118 121 84 124 105 76 91 96 104 124 79 95 78 122 80 82 93
0 0 0 0 94 76 87 90 88 105 87 101 110 105 81 78 83 97 114 91
0 87 118 0 107 97 78 113 91 96 119 101 102 104 104 112 120 100 77 80
101 0 0 109 105 80 80 91 96 91 104 123 85 107 83 103 96 118 118 105
0 0 107 89 100 90 78 107 118 108 77 92 107 106 78 121 76 121 93 96
0 0 116 0 86 117 97 101 78 115 119 105 106 80 117 118 96 81 79 112
