1 1 1 1 1 1 1 1 1 1 1 1 1 1 1 1 1 1 1 1
1 1 1 1 1 1 1 1 1 1 1 1 1 1 1 1 1 1 1 1
65 65 65 43 21 21 65 21 32 32 43 54 32 32 54 54 21 21 21 43
400 400 1200 1200 400 1200 600 600 1200 400 400 400 1200 400 600 800 1000 600 800 1200
114 84 122 0 121 120 96 76 94 89 108 87 121 88 79 82 105 80 101 89
0 0 0 91 76 113 96 96 85 92 91 117 107 101 87 86 100 90 84 78
103 0 120 87 106 90 83 85 93 89 96 98 104 102 107 80 113 120 78 117
75 0 0 0 84 107 90 121 82 81 94 106 96 97 91 104 96 85 115 78
0 0 0 81 122 114 91 89 105 86 95 100 94 120 103 81 105 102 114 103
76 0 0 0 102 93 124 86 75 84 122 99 94 105 87 97 75 78 86 102
109 121 0 0 119 86 96 118 98 75 101 121 89 98 83 87 105 114 120 111
97 99 79 91 87 77 96 107 98 95 117 97 116 75 113 79 82 112 124 98
115 0 114 101 90 83 81 78 123 81 112 76 120 105 111 94 91 108 77 101
0 0 0 124 103 108 105 124 96 111 108 114 113 86 90 91 102 79 95 98
0 0 0 0 95 79 79 115 124 120 104 76 118 86 90 93 100 97 118 103
124 83 122 0 97 75 98 104 111 77 112 113 99 92 84 103 107 109 83 106
122 101 119 0 94 90 114 105 108 118 111 124 86 121 88 90 112 121 100 84
90 0 115 0 88 110 114 94 106 93 91 105 87 97 120 103 85 97 89 75
114 0 0 0 88 86 124 82 75 76 121 76 90 121 106 94 111 98 75 92
0 0 108 0 82 122 99 119 113 95 105 99 110 89 85 118 78 112 92 114
