1 1 1 1 1 1 1 1 1 1 1 1 1 1 1 1 1 1 1 1
1 1 1 1 1 1 1 1 1 1 1 1 1 1 1 1 1 1 1 1
21 43 32 32 54 32 54 32 54 43 54 21 21 21 65 32 43 21 65 43
1000 800 1200 1000 800 600 600 600 600 400 800 400 600 800 1000 1000 600 400 800 800
0 119 77 0 99 103 89 104 77 103 81 75 98 92 109 110 117 95 93 86
0 0 0 117 80 116 116 122 116 112 93 91 112 90 105 105 101 108 105 122
0 89 105 0 76 89 122 84 76 89 117 109 105 90 81 100 122 100 101 82
82 0 0 109 83 79 104 80 124 105 93 89 88 77 111 83 88 92 116 88
0 0 120 96 114 116 100 119 82 115 105 77 75 93 118 88 77 102 82 88
110 0 0 84 114 113 95 120 75 115 105 106 107 109 117 124 117 121 82 83
97 92 0 0 121 102 124 112 108 98 92 81 101 99 83 76 81 102 101 101
0 0 91 93 111 88 91 90 101 96 89 100 99 99 108 88 100 124 100 90
0 116 108 116 101 95 77 85 120 115 83 103 87 75 82 90 102 117 119 123
0 0 0 115 94 118 93 101 79 114 93 95 89 120 124 100 86 109 104 100
0 0 87 81 112 108 107 78 111 116 99 96 96 123 75 121 116 98 76 75
0 0 95 88 109 110 112 117 84 76 96 116 113 99 81 114 95 91 88 82
0 0 78 0 107 118 111 81 84 100 107 111 124 117 112 119 100 99 88 116
97 104 89 75 121 99 96 116 100 101 93 119 109 75 120 122 112 113 87 87
96 0 78 0 107 110 96 99 77 104 85 92 96 110 120 106 92 76 76 91
99 105 117 0 108 109 108 97 124 87 98 85 79 111 108 87 87 119 121 109
