1 1 1 1 1 1 1 1 1 1 1 1 1 1 1 1 1 1 1 1
1 1 1 1 1 1 1 1 1 1 1 1 1 1 1 1 1 1 1 1
65 65 54 54 65 65 32 43 21 65 65 32 21 54 54 32 54 43 32 32
1000 800 400 600 400 800 800 1200 1000 1000 400 800 600 1000 600 1000 600 600 1200 600
0 0 110 0 90 80 79 102 98 108 114 93 118 103 98 110 100 123 102 106
78 117 0 106 81 102 100 113 89 96 98 89 121 91 75 99 123 97 82 104
96 80 0 0 76 80 122 78 108 89 107 96 76 81 98 116 97 111 84 99
115 88 108 0 78 75 97 104 77 124 104 115 89 118 98 91 114 81 119 90
0 103 0 0 75 76 91 111 115 116 91 109 95 104 104 89 95 90 79 109
0 0 86 0 103 79 101 103 78 79 80 106 110 111 113 112 92 109 93 121
0 77 119 0 121 84 93 81 91 118 112 95 92 106 113 106 118 75 88 96
0 0 0 0 96 92 103 97 91 123 79 96 106 124 100 88 83 90 118 92
0 0 109 114 114 87 93 92 79 92 116 117 87 111 97 117 75 116 92 87
0 0 104 0 108 92 90 105 102 107 115 121 91 105 85 93 105 109 121 96
0 84 0 114 113 113 77 84 86 101 85 86 102 97 92 103 88 105 119 78
117 0 0 92 110 75 104 124 111 97 85 95 124 90 122 95 77 79 96 108
84 103 115 123 108 119 112 113 76 76 94 83 91 101 82 75 116 98 87 124
87 93 78 112 96 113 87 119 111 94 83 124 101 83 87 122 76 116 89 96
0 0 0 112 115 75 116 106 105 117 80 123 122 121 89 82 101 101 97 122
116 112 94 80 108 117 90 86 95 86 85 92 89 109 93 111 105 84 117 76
