1 1 1 1 1 1 1 1 1 1 1 1 1 1 1 1 1 1 1 1
1 1 1 1 1 1 1 1 1 1 1 1 1 1 1 1 1 1 1 1
43 54 21 32 54 32 32 54 32 54 65 54 21 43 65 32 32 32 54 32
400 800 1000 800 800 400 400 600 600 800 1200 1000 600 1200 400 1000 600 600 800 400
79 124 0 0 120 98 101 91 78 119 78 98 83 84 81 120 104 105 88 86
0 108 84 94 100 99 79 121 117 85 108 117 76 111 106 84 92 114 111 97
0 90 119 0 121 107 124 85 80 98 124 81 111 89 83 95 121 86 103 98
0 89 82 0 113 97 110 85 114 112 123 95 108 117 119 98 97 121 111 85
0 0 110 0 85 102 124 96 86 107 90 76 109 124 87 100 104 76 108 109
0 103 105 78 101 80 106 98 124 121 82 106 88 103 121 112 93 112 90 117
0 0 0 106 79 103 124 119 94 110 81 82 98 84 112 117 75 116 114 77
0 0 0 119 124 80 116 122 113 94 94 113 81 90 85 75 119 94 104 120
105 82 0 106 105 119 102 99 116 92 123 116 111 87 78 85 110 120 86 104
110 0 0 0 75 121 119 78 110 79 75 117 122 105 104 78 114 106 124 121
94 0 95 0 121 121 88 88 111 115 84 91 85 83 103 106 123 80 94 105
0 0 0 81 76 109 117 117 82 110 80 108 106 116 89 112 121 97 112 94
115 115 0 0 106 89 91 92 92 90 122 110 102 82 98 94 114 102 111 81
95 0 97 119 90 76 120 101 108 99 86 94 94 80 122 105 120 83 116 89
83 0 0 0 102 103 75 114 78 75 113 89 122 91 85 96 78 93 108 106
99 105 0 0 88 113 110 119 114 94 82 116 91 119 104 111 78 97 119 118
