1 1 1 1 1 1 1 1 1 1 1 1 1 1 1 1 1 1 1 1
1 1 1 1 1 1 1 1 1 1 1 1 1 1 1 1 1 1 1 1
54 65 21 32 21 21 21 21 65 32 65 43 21 21 54 54 43 54 32 54
600 400 600 800 600 400 1000 400 800 1200 1200 400 400 400 400 800 1200 400 800 400
0 0 0 0 111 83 97 93 118 112 120 90 94 113 87 108 111 97 86 82
0 95 0 121 116 120 112 101 118 86 108 112 95 78 116 122 123 86 102 82
91 78 0 0 103 101 84 109 111 113 119 92 88 104 92 105 94 121 123 98
110 0 0 0 99 76 104 87 121 81 94 91 80 107 114 116 120 80 106 89
121 99 124 119 118 87 99 116 108 78 101 113 84 82 83 120 78 108 84 108
0 0 102 102 85 86 85 95 110 81 98 91 84 104 104 92 82 105 96 77
118 113 0 0 105 85 105 95 97 84 78 82 97 114 114 80 85 93 108 89
77 0 0 119 102 84 94 87 82 76 119 122 113 97 96 99 121 98 99 89
0 0 92 0 97 90 83 118 121 97 87 122 122 78 98 109 90 87 108 77
0 123 123 122 118 78 101 107 118 84 112 78 93 79 89 104 88 101 75 108
95 0 0 113 119 108 95 98 87 113 118 90 120 121 86 104 121 111 122 88
0 0 0 85 117 121 113 112 99 101 83 84 86 91 118 115 108 122 82 78
94 0 102 121 123 84 109 106 99 80 102 92 103 118 110 102 82 114 90 78
0 0 91 86 124 106 99 113 101 84 96 83 79 113 115 98 95 108 102 109
0 0 0 0 104 113 76 124 91 80 84 121 117 83 111 96 117 91 84 85
116 0 0 80 93 97 123 88 116 124 123 103 114 113 93 118 108 95 121 102
