1 1 1 1 1 1 1 1 1 1 1 1 1 1 1 1 1 1 1 1
1 1 1 1 1 1 1 1 1 1 1 1 1 1 1 1 1 1 1 1
54 65 65 43 54 54 21 32 32 43 65 54 65 43 54 54 43 32 21 32
800 800 1000 600 1000 400 800 1200 1200 400 800 1200 600 600 600 600 1200 1000 800 600
116 0 0 0 92 116 76 86 105 92 108 115 79 102 96 97 96 93 75 111
0 0 0 97 115 88 76 108 93 95 92 114 113 89 87 95 93 121 107 114
0 0 0 77 119 118 76 103 98 103 97 89 103 78 114 93 116 92 96 114
0 76 80 0 115 94 118 105 115 78 94 94 87 120 77 122 112 75 99 98
115 0 0 102 87 81 98 75 95 103 82 96 112 92 93 120 121 93 124 105
0 84 110 124 120 114 104 123 113 102 103 124 121 80 104 96 75 123 113 95
0 0 89 0 107 87 109 91 83 113 109 112 100 102 97 105 81 100 113 108
0 0 94 0 88 102 118 100 82 80 104 110 113 122 81 102 108 102 94 103
0 0 0 91 90 111 108 89 95 115 76 85 98 106 93 122 104 106 98 103
0 114 0 0 95 91 79 94 120 102 114 99 85 92 119 81 84 95 79 119
88 88 0 104 98 122 75 99 120 93 83 108 92 110 78 110 113 97 103 81
0 82 121 0 124 86 91 90 86 94 100 79 122 88 88 113 94 122 86 107
0 98 81 0 92 83 114 109 76 121 90 75 80 116 75 115 122 113 106 96
77 0 0 0 76 124 93 77 77 83 124 83 100 82 106 87 87 108 97 123
0 85 81 0 124 121 109 104 77 78 110 75 120 108 97 121 96 118 106 105
0 91 75 0 87 84 98 115 120 124 124 100 107 93 86 117 79 113 84 78
