1 1 1 1 1 1 1 1 1 1 1 1 1 1 1 1 1 1 1 1
1 1 1 1 1 1 1 1 1 1 1 1 1 1 1 1 1 1 1 1
54 65 21 32 54 65 32 43 43 21 65 43 32 54 65 21 32 21 43 43
600 400 400 1000 1000 800 1000 600 600 800 400 400 600 400 1200 800 400 400 1200 400
89 122 0 0 107 101 116 121 118 107 113 95 105 79 114 107 93 119 88 97
121 99 0 89 96 96 81 76 107 109 107 83 106 85 105 86 113 97 85 90
0 102 0 0 122 93 100 105 77 95 119 121 94 99 96 122 99 93 116 99
115 0 0 0 124 118 105 80 116 109 100 103 120 110 111 81 92 80 106 123
0 0 0 82 115 76 104 107 82 106 105 84 103 113 88 85 115 94 114 103
0 0 82 114 101 108 107 103 111 116 121 117 88 122 111 78 118 85 103 94
0 0 0 0 119 95 109 87 106 90 105 77 93 123 101 98 107 89 90 121
0 0 108 82 116 82 123 81 76 107 92 96 102 104 94 120 76 114 75 111
114 77 0 0 120 116 108 105 121 116 119 120 92 78 85 124 116 117 88 96
119 89 89 0 116 88 95 83 115 106 112 87 87 120 92 83 90 108 102 97
101 91 0 120 111 119 83 121 76 111 100 111 90 97 76 104 77 117 109 112
0 0 0 95 118 93 122 101 82 88 81 114 111 103 102 107 103 109 80 86
0 93 0 98 113 118 108 99 102 106 75 116 84 112 113 110 104 94 123 112
0 0 0 0 110 103 77 86 108 80 114 106 81 96 78 98 78 76 93 79
89 97 119 0 79 82 107 82 77 122 90 111 77 87 104 88 122 86 87 119
0 76 0 0 111 103 88 118 114 86 121 116 78 86 107 107 104 81 108 80
