1 1 1 1 1 1 1 1 1 1 1 1 1 1 1 1 1 1 1 1
1 1 1 1 1 1 1 1 1 1 1 1 1 1 1 1 1 1 1 1
65 32 65 43 65 21 21 43 32 65 21 54 43 21 43 21 43 21 54 21
1200 1200 1000 600 400 600 1000 400 400 1000 1000 600 1000 800 1200 800 600 1000 1200 800
100 112 83 0 90 121 93 77 110 104 85 106 103 87 97 122 117 123 78 78
0 0 0 83 96 82 119 113 118 90 88 116 95 104 112 88 119 79 84 97
124 0 0 0 109 97 105 108 122 120 109 114 98 76 116 76 79 114 96 121
95 0 99 0 75 83 108 98 84 86 93 81 101 90 95 106 118 104 108 106
0 79 0 103 93 80 101 76 104 105 90 95 119 100 122 88 121 112 124 79
0 76 0 96 75 79 96 107 97 89 79 76 98 77 108 90 79 111 75 112
113 0 0 0 113 103 119 87 80 85 115 79 118 95 107 101 102 120 76 88
79 115 0 0 86 89 108 111 89 107 100 84 86 117 101 78 86 101 81 103
86 0 0 77 75 97 76 108 113 106 89 95 120 76 100 97 84 81 100 109
103 78 0 0 77 121 109 91 103 103 120 100 117 118 90 112 77 86 108 75
0 0 100 0 82 87 103 113 98 122 97 89 94 98 97 89 107 86 119 94
78 91 95 78 98 99 96 82 87 95 106 121 111 82 111 76 83 89 93 79
79 101 121 81 89 99 105 109 75 81 80 97 106 91 81 106 101 105 115 78
123 0 98 83 89 124 105 98 115 84 95 100 121 99 111 84 98 115 83 103
99 0 106 119 78 87 114 92 88 122 85 97 122 109 121 119 78 118 97 103
0 0 0 0 113 105 91 99 77 101 87 81 108 80 104 87 121 81 117 88
