1 1 1 1 1 1 1 1 1 1 1 1 1 1 1 1 1 1 1 1
1 1 1 1 1 1 1 1 1 1 1 1 1 1 1 1 1 1 1 1
21 65 43 32 54 21 32 32 54 54 54 21 32 21 21 21 32 43 32 65
400 800 400 1000 400 600 800 400 1000 1200 400 1200 400 800 1200 1000 800 800 1000 1200
0 0 107 121 118 76 104 110 79 104 117 76 117 117 85 100 79 112 104 81
116 0 0 86 77 115 117 115 99 114 91 99 93 122 123 77 82 108 97 82
0 94 0 96 107 86 83 77 122 95 76 99 107 95 94 123 79 98 76 113
0 0 89 93 84 117 80 87 79 93 89 99 117 76 95 120 81 106 88 117
120 99 114 89 88 103 88 81 118 99 97 103 88 85 89 86 78 95 96 119
0 88 0 0 123 87 101 97 123 97 116 95 118 119 84 99 86 80 119 102
107 124 88 95 119 86 100 90 116 112 80 102 88 77 104 107 109 75 86 117
124 0 90 82 103 82 92 76 117 112 124 118 106 83 102 123 109 81 108 106
123 109 0 0 75 120 79 93 123 79 97 111 123 101 81 94 81 110 107 76
122 0 0 0 88 106 116 114 119 115 81 75 80 93 103 119 105 112 77 102
96 0 110 0 102 105 116 102 82 112 119 102 119 108 75 95 78 89 123 107
89 106 0 103 102 105 114 107 114 76 105 121 75 92 87 82 95 86 116 98
124 117 87 0 95 86 81 124 121 102 88 75 119 119 96 91 101 109 94 110
0 123 0 102 107 95 117 100 109 106 123 78 112 111 87 96 122 113 116 96
84 122 124 0 124 78 99 95 93 118 123 87 95 96 109 117 107 102 110 122
88 0 0 0 98 95 94 117 117 78 102 121 86 118 103 121 102 110 104 104
