1 1 1 1 1 1 1 1 1 1 1 1 1 1 1 1 1 1 1 1
1 1 1 1 1 1 1 1 1 1 1 1 1 1 1 1 1 1 1 1
65 54 54 43 54 32 65 54 32 65 54 21 21 21 32 65 54 54 65 32
800 1200 1200 400 1000 800 1000 1200 600 400 400 800 800 800 1000 600 1200 1000 800 1000
90 0 0 92 90 87 105 78 108 110 92 103 76 96 97 102 79 113 124 124
0 0 0 0 98 112 88 111 82 95 117 108 79 83 109 108 113 76 76 115
0 90 0 91 117 113 102 94 117 75 79 95 90 116 96 122 96 119 93 124
0 104 0 82 80 83 107 107 93 75 107 90 78 77 108 115 76 106 109 96
0 0 96 0 88 108 97 107 85 119 113 88 104 77 76 112 97 116 99 93
116 105 0 107 105 85 102 82 75 116 121 114 106 121 104 81 86 90 76 89
0 0 77 0 118 89 112 75 80 90 88 76 78 107 76 81 77 87 99 99
0 84 0 0 109 113 97 109 103 80 106 110 109 104 114 103 89 104 101 80
98 124 0 0 88 110 117 111 82 75 78 109 78 116 80 120 88 75 110 121
101 0 103 0 123 75 86 93 105 122 109 94 116 107 107 88 122 86 95 80
0 0 102 120 119 93 78 75 120 85 89 98 120 115 104 114 115 86 123 113
81 81 0 0 82 115 91 113 124 81 76 84 113 76 95 121 119 91 86 82
0 0 109 0 87 112 91 82 100 117 99 103 92 108 92 86 111 122 106 109
92 75 0 96 81 75 119 81 121 99 97 101 107 94 119 118 95 90 97 96
0 0 0 0 95 75 94 98 91 88 116 103 124 79 115 111 85 111 109 111
104 0 0 0 81 120 123 90 92 101 86 83 100 105 84 102 83 88 119 116
