1 1 1 1 1 1 1 1 1 1 1 1 1 1 1 1 1 1 1 1
1 1 1 1 1 1 1 1 1 1 1 1 1 1 1 1 1 1 1 1
54 54 32 21 65 65 21 21 32 43 32 54 43 54 21 54 43 21 65 54
1000 400 400 600 600 1000 600 1000 1000 1000 600 600 800 400 600 800 600 1200 1200 1200
116 80 103 0 96 88 96 75 115 111 101 80 80 122 122 95 88 114 91 121
120 84 101 0 92 77 105 87 121 96 105 78 118 94 112 113 105 120 108 90
0 0 0 0 87 117 105 89 124 117 91 100 110 98 122 87 120 80 110 121
124 0 0 0 119 88 87 102 120 98 118 82 97 85 79 108 95 89 96 90
0 82 78 104 102 112 96 94 107 82 117 82 106 85 121 99 91 114 76 94
0 0 111 96 122 106 81 100 85 119 82 95 77 94 84 82 98 109 98 97
0 87 89 0 75 91 104 93 93 104 76 124 78 93 109 87 104 93 86 124
0 81 113 0 102 83 123 112 88 76 117 92 75 77 83 82 89 112 120 102
0 100 0 0 116 124 122 92 111 89 93 123 90 102 113 111 89 96 120 109
0 0 92 0 101 124 123 118 109 96 107 116 118 102 112 108 84 111 111 83
0 99 0 0 82 120 109 81 86 111 95 110 122 122 92 104 101 85 104 112
88 0 0 109 96 107 124 84 112 89 115 108 88 103 117 114 83 115 93 108
0 0 117 0 122 110 108 78 75 115 118 94 119 98 76 121 104 105 75 77
0 76 0 86 123 103 118 108 98 116 90 83 104 113 115 85 110 111 115 86
104 0 0 0 112 88 86 80 96 101 88 76 75 115 86 84 94 97 95 122
79 0 97 104 95 115 88 80 119 85 118 107 81 83 119 91 90 124 110 80
