1 1 1 1 1 1 1 1 1 1 1 1 1 1 1 1 1 1 1 1
1 1 1 1 1 1 1 1 1 1 1 1 1 1 1 1 1 1 1 1
21 65 21 65 54 32 43 43 32 65 54 65 32 21 21 65 43 65 21 32
1000 600 1000 400 800 1000 400 1200 600 400 400 1000 800 1200 1200 1000 1200 1000 400 600
0 0 0 78 121 112 81 99 107 117 100 118 84 101 84 114 121 103 116 123
103 122 0 106 103 104 114 102 76 99 119 85 108 111 79 116 97 96 76 114
0 120 0 115 110 105 80 123 110 93 101 91 77 100 112 83 104 80 102 101
0 0 0 0 84 94 84 82 109 93 87 120 113 91 95 90 90 100 107 77
0 0 90 114 112 101 86 104 124 110 77 98 115 105 78 94 122 114 122 87
82 0 94 88 96 77 106 123 114 107 80 114 84 94 92 91 93 101 119 82
113 0 0 110 86 116 99 91 96 110 88 91 78 83 91 119 123 124 116 101
120 0 0 97 109 79 119 104 101 97 101 77 106 103 121 118 101 121 119 108
87 83 113 112 109 117 89 114 82 111 102 91 116 100 79 80 111 84 104 85
0 0 91 0 102 121 124 90 121 105 79 98 119 80 106 105 124 78 81 106
120 0 81 121 119 110 122 123 112 95 115 107 81 117 105 95 96 114 115 107
0 0 117 0 88 120 86 102 86 104 111 77 82 104 105 85 76 111 90 114
0 102 96 101 98 111 112 116 110 110 121 97 108 95 114 82 96 78 89 100
0 0 76 0 81 82 79 94 118 124 104 124 92 90 110 121 77 122 75 116
0 82 0 0 112 122 94 97 98 105 119 78 120 91 121 114 105 105 97 88
0 0 111 123 123 118 92 102 107 93 93 75 117 81 118 121 118 86 93 119
