1 1 1 1 1 1 1 1 1 1 1 1 1 1 1 1 1 1 1 1
1 1 1 1 1 1 1 1 1 1 1 1 1 1 1 1 1 1 1 1
65 32 65 65 54 43 32 21 21 21 65 65 54 21 54 43 21 65 54 43
50 50 62 75 25 25 37 62 37 62 25 37 25 62 50 25 37 50 50 25
0 0 0 0 159 155 21 193 126 50 175 88 47 198 62 47 192 148 16 5
50 0 0 125 72 44 63 45 150 20 10 198 41 69 66 175 22 169 185 14
51 0 0 0 105 101 188 123 183 67 147 26 23 94 41 133 192 120 69 37
53 0 0 68 39 161 59 66 76 189 119 73 172 196 49 122 52 91 87 101
52 43 127 163 140 24 46 171 46 136 53 161 132 70 121 71 173 196 60 16
0 143 0 0 19 135 142 148 7 26 124 38 140 14 24 73 77 197 111 37
131 0 37 84 166 126 169 127 24 135 2 116 74 55 37 166 127 113 68 79
22 101 0 0 140 180 160 190 81 103 178 99 56 1 6 65 120 39 36 97
0 0 0 173 119 145 112 89 26 158 159 72 183 109 99 141 4 89 7 139
0 0 0 81 105 44 116 65 146 90 40 52 102 190 84 189 24 132 119 40
0 0 126 145 185 178 99 123 169 11 144 70 84 24 19 183 104 158 186 195
0 80 0 190 125 178 171 88 30 192 33 114 196 16 84 185 157 81 129 105
57 111 0 60 99 147 97 161 11 152 13 6 145 84 87 42 180 158 14 18
0 8 0 0 108 172 154 123 195 96 181 77 125 114 143 166 113 60 115 16
0 14 0 0 146 138 118 164 170 89 75 165 100 194 35 130 171 171 100 134
159 0 0 0 194 170 190 83 171 168 54 130 11 10 139 71 93 199 190 189
