1 1 1 1 1 1 1 1 1 1 1 1 1 1 1 1 1 1 1 1
1 1 1 1 1 1 1 1 1 1 1 1 1 1 1 1 1 1 1 1
43 54 65 54 21 32 32 54 32 32 65 65 32 21 54 54 54 54 65 43
50 62 25 50 25 62 25 75 75 62 25 25 62 62 50 25 62 37 50 37
0 116 196 17 83 14 190 22 28 73 93 184 96 183 14 39 145 124 148 185
0 105 0 0 24 13 35 91 156 67 193 125 49 70 0 41 107 185 108 96
178 0 0 0 119 150 182 101 8 20 163 103 176 106 74 97 0 187 81 42
0 193 43 0 34 112 85 172 172 122 50 28 119 58 5 163 100 34 135 29
11 0 131 124 14 184 4 185 74 85 74 199 137 54 70 66 145 104 31 192
177 0 127 20 170 172 86 26 18 150 157 37 58 2 140 168 145 61 174 193
0 61 16 93 9 169 34 168 151 86 6 29 119 120 44 132 12 84 78 122
0 0 0 125 80 32 58 92 60 47 155 37 132 44 108 162 78 114 123 122
68 155 0 0 156 26 43 41 132 137 199 160 129 64 1 101 122 197 190 51
89 0 0 0 152 68 131 157 178 125 128 142 22 180 95 138 83 26 120 91
0 3 38 0 166 134 133 92 189 159 111 82 60 17 107 0 42 78 139 41
100 162 198 0 75 127 148 130 105 33 48 83 161 148 175 63 27 193 62 62
0 0 0 0 61 94 13 123 57 104 54 138 148 60 156 175 183 75 25 198
0 0 114 0 106 63 167 3 158 76 88 133 5 146 145 197 163 61 193 128
0 89 0 0 30 75 3 195 149 140 198 196 17 62 29 166 123 8 30 118
85 168 35 59 85 43 165 39 133 95 27 82 57 76 184 35 151 91 136 85
