1 1 1 1 1 1 1 1 1 1 1 1 1 1 1 1 1 1 1 1
1 1 1 1 1 1 1 1 1 1 1 1 1 1 1 1 1 1 1 1
21 21 21 54 65 43 65 43 32 32 43 54 32 43 32 32 65 54 21 43
75 37 25 75 25 75 37 75 50 75 25 37 50 25 75 25 50 75 75 50
0 178 1 0 182 53 66 58 136 151 57 187 52 37 75 138 173 162 42 137
26 37 0 26 18 114 2 128 156 196 162 65 61 99 194 143 35 95 63 30
0 182 49 0 141 146 19 179 138 43 177 89 99 10 0 50 111 108 2 56
0 66 0 139 9 43 94 18 90 189 58 101 196 116 148 26 93 83 45 60
0 103 0 98 96 64 144 68 157 49 120 191 29 144 8 109 176 140 47 58
0 0 0 0 43 193 182 8 190 75 137 190 3 119 37 157 74 150 76 7
0 115 0 24 138 87 19 40 165 166 147 112 159 73 150 47 184 173 192 116
198 0 36 0 170 131 51 163 77 49 183 85 44 9 86 3 55 22 188 169
199 151 143 118 100 164 131 134 186 51 1 129 175 106 149 193 45 33 90 61
0 152 65 21 73 116 60 17 44 58 131 71 160 100 172 38 172 1 183 196
193 1 0 139 149 11 174 196 66 91 115 121 68 57 129 178 141 105 130 127
0 0 98 0 169 93 14 119 0 176 43 31 173 191 116 34 83 167 41 21
88 0 0 0 115 8 179 80 4 82 99 74 42 134 70 165 0 127 173 75
0 0 0 171 62 153 61 152 24 133 153 130 153 0 113 199 175 147 180 22
121 155 155 0 107 167 121 132 101 110 197 59 62 96 195 159 161 154 92 70
22 0 27 43 30 168 109 181 142 106 33 178 120 125 25 178 73 44 156 183
