1 1 1 1 1 1 1 1 1 1 1 1 1 1 1 1 1 1 1 1
1 1 1 1 1 1 1 1 1 1 1 1 1 1 1 1 1 1 1 1
43 21 32 43 54 65 43 32 21 65 65 54 65 54 43 54 43 54 21 54
75 75 50 75 50 75 37 25 37 37 50 25 75 25 50 75 62 25 50 62
0 0 80 0 126 94 18 73 189 198 59 17 121 77 26 121 190 94 100 111
144 181 52 0 177 83 51 20 191 148 155 42 182 80 60 15 42 130 74 96
0 188 0 114 128 46 144 69 34 130 120 100 192 164 118 77 30 6 57 97
0 175 0 0 172 151 130 194 170 103 95 173 194 0 109 88 199 61 80 12
189 0 123 0 87 17 34 50 25 90 118 198 23 168 113 102 21 112 127 145
107 0 0 0 87 170 23 144 172 18 36 90 85 123 102 101 32 64 0 86
0 94 177 0 25 182 32 140 117 31 127 107 55 19 14 92 198 144 145 180
0 0 0 185 192 19 185 188 50 21 178 115 189 188 21 148 199 15 192 46
191 0 0 15 35 50 122 183 20 49 21 128 144 62 194 120 5 9 70 24
0 0 0 0 164 128 86 93 74 96 191 41 73 56 78 49 136 116 145 131
190 73 0 35 187 52 55 41 20 91 61 87 119 177 168 193 103 156 71 104
0 0 110 0 97 149 185 45 165 175 134 103 6 68 38 20 46 90 97 84
0 175 0 0 131 150 122 99 127 181 184 14 143 50 169 170 106 23 101 81
0 0 71 89 192 109 82 138 59 81 107 14 131 186 185 147 168 60 127 17
59 0 26 0 77 71 31 110 102 84 6 151 46 171 47 138 125 156 37 195
0 118 17 0 80 74 172 170 25 158 35 102 192 143 196 51 26 113 72 115
