1 1 1 1 1 1 1 1 1 1 1 1 1 1 1 1 1 1 1 1
1 1 1 1 1 1 1 1 1 1 1 1 1 1 1 1 1 1 1 1
65 32 54 65 21 65 21 65 54 43 32 32 32 65 54 65 65 43 21 32
50 50 75 62 25 50 75 25 25 37 75 75 25 37 62 75 37 62 75 37
0 68 108 0 77 38 156 40 26 150 128 54 10 186 70 70 140 142 151 128
168 0 0 50 145 72 117 189 174 134 183 178 87 53 65 74 106 31 194 154
170 0 0 87 117 47 75 82 115 113 45 94 189 23 60 181 127 123 31 185
79 0 0 31 53 144 35 31 129 110 199 80 185 57 175 35 103 193 131 156
156 20 115 0 140 165 45 169 147 158 88 133 1 133 25 52 14 138 40 170
0 18 0 0 90 26 151 45 137 145 90 134 18 15 134 199 11 10 54 165
0 0 0 41 142 21 20 107 152 9 132 34 94 189 109 21 136 125 159 35
109 0 132 0 103 89 86 179 109 162 52 97 151 102 195 131 50 199 187 166
0 0 176 28 0 97 95 180 158 10 18 29 23 45 157 130 174 155 137 198
0 101 80 148 22 66 173 140 44 143 41 144 7 3 94 132 108 157 151 44
0 0 0 0 131 136 35 23 182 93 78 130 31 11 144 149 87 98 198 77
98 83 89 156 124 50 115 186 2 39 62 137 120 42 81 24 165 159 59 23
0 188 150 171 197 80 114 12 46 134 82 173 181 149 166 25 56 142 68 62
21 115 0 0 154 184 63 75 55 189 94 23 191 39 5 131 94 181 35 158
0 18 158 26 64 112 27 103 113 31 102 142 97 113 179 100 12 133 199 113
55 0 156 0 130 138 187 99 123 165 56 171 195 72 141 162 161 71 182 32
