1 1 1 1 1 1 1 1 1 1 1 1 1 1 1 1 1 1 1 1
1 1 1 1 1 1 1 1 1 1 1 1 1 1 1 1 1 1 1 1
54 65 54 43 21 54 32 65 21 21 43 54 54 32 54 21 43 54 65 43
50 75 50 75 50 50 37 62 37 62 75 25 62 50 50 50 37 50 75 25
0 0 0 0 183 167 68 39 123 24 167 36 112 107 120 5 57 125 74 48
0 0 0 96 140 97 114 24 195 37 60 122 66 21 26 56 20 39 16 173
0 163 0 0 193 84 116 188 149 3 3 144 59 24 152 90 5 191 137 122
0 55 162 158 110 128 182 20 55 88 77 79 156 150 1 186 47 102 13 71
0 0 100 194 157 176 129 10 13 54 192 51 128 13 64 50 32 25 143 173
0 154 36 79 39 104 43 74 181 57 179 18 32 148 174 198 171 84 72 117
0 162 161 79 158 50 188 118 77 56 43 43 125 96 181 41 47 37 122 43
122 0 160 0 113 20 48 91 62 23 111 93 1 16 85 156 99 94 27 177
0 23 173 98 137 69 71 17 98 34 27 125 66 177 11 92 120 181 46 189
169 30 151 156 99 197 161 118 173 0 124 184 155 25 127 131 15 189 31 8
33 0 0 120 22 65 48 91 16 88 39 175 56 23 196 32 87 80 171 32
0 0 0 187 82 12 182 115 2 81 104 180 168 108 122 10 145 122 58 118
101 79 17 132 56 83 169 47 59 84 20 179 22 185 100 168 43 173 166 158
47 66 0 0 119 145 159 21 140 153 40 134 168 102 133 32 64 30 188 183
0 0 0 0 147 175 108 100 32 12 62 91 128 173 76 31 199 185 186 17
113 134 101 127 111 75 195 159 45 126 8 192 42 85 21 100 113 143 111 128
