1 1 1 1 1 1 1 1 1 1 1 1 1 1 1 1 1 1 1 1
1 1 1 1 1 1 1 1 1 1 1 1 1 1 1 1 1 1 1 1
43 65 43 43 43 65 21 21 21 65 54 65 32 65 21 21 32 65 32 32
37 75 62 75 62 37 50 50 62 37 62 75 62 75 75 37 25 50 62 50
0 0 127 196 169 100 199 180 3 10 77 183 99 62 170 105 21 153 40 36
0 0 0 0 40 64 32 22 199 17 158 149 54 129 57 196 141 93 100 73
0 169 43 0 173 132 102 83 71 8 88 145 86 155 66 189 183 163 189 74
146 69 65 0 186 148 67 54 94 95 102 182 181 83 81 166 52 102 192 61
0 0 0 81 126 125 7 5 83 54 194 12 150 188 46 95 37 134 33 10
0 5 27 0 197 73 135 138 149 105 2 101 166 112 69 80 153 175 61 110
0 78 0 67 139 166 78 112 98 93 57 49 88 5 166 120 102 155 67 114
0 0 0 0 186 164 114 77 123 122 123 32 36 84 92 161 15 136 16 99
54 0 90 0 75 53 139 185 138 172 163 155 59 18 61 86 22 86 189 190
190 0 131 0 122 189 108 138 35 126 70 162 24 173 76 63 194 147 99 100
156 138 143 199 104 159 55 71 71 102 58 22 10 188 68 133 69 163 125 27
131 105 0 0 56 54 17 53 75 14 24 16 44 37 3 163 126 192 139 107
0 136 0 34 52 135 3 186 79 121 21 100 168 110 103 193 173 37 25 149
103 165 148 175 8 50 66 147 72 137 111 2 129 69 140 141 5 77 110 114
0 83 0 59 183 187 164 109 3 42 17 61 46 154 198 24 30 90 176 7
0 0 127 0 130 175 104 95 176 123 164 146 6 124 36 86 135 20 144 185
