1 1 1 1 1 1 1 1 1 1 1 1 1 1 1 1 1 1 1 1
1 1 1 1 1 1 1 1 1 1 1 1 1 1 1 1 1 1 1 1
43 43 43 65 32 43 21 54 43 21 21 65 43 54 21 65 32 65 65 21
50 25 50 62 62 25 25 50 75 50 25 37 25 50 37 25 25 50 50 25
148 0 2 10 196 130 55 159 66 37 31 34 22 41 82 2 17 96 131 132
0 107 120 189 89 66 9 29 16 126 97 43 103 196 68 159 140 137 41 62
0 0 0 0 117 18 155 184 102 156 50 153 171 105 59 58 12 38 164 81
0 186 0 122 74 117 170 144 14 107 172 53 163 10 37 151 125 194 127 84
40 0 82 0 130 79 72 115 18 21 92 66 113 168 93 109 176 127 69 149
20 185 75 89 156 52 122 48 181 119 12 118 2 34 176 160 29 140 26 91
160 0 0 132 184 120 125 124 34 65 182 56 58 43 66 162 51 119 133 177
0 0 0 0 140 189 72 46 145 197 90 147 131 154 73 94 48 102 96 189
127 92 20 0 189 142 162 46 88 96 28 103 0 56 10 98 26 64 31 114
0 0 189 0 192 61 46 59 194 151 191 66 111 76 106 34 122 118 163 107
0 96 54 39 134 99 61 138 106 12 1 90 10 115 96 64 33 73 14 31
176 151 0 0 97 197 149 27 128 35 170 197 29 61 32 76 183 116 161 84
0 0 0 192 29 138 72 25 5 99 124 5 79 98 166 43 102 188 154 183
0 2 0 0 46 80 77 105 70 32 6 153 176 188 24 183 88 62 139 74
0 0 0 197 9 4 81 153 136 45 106 198 71 99 3 18 19 60 109 133
0 0 0 0 40 120 169 154 27 184 130 34 67 135 197 34 53 1 150 176
