1 1 1 1 1 1 1 1 1 1 1 1 1 1 1 1 1 1 1 1
1 1 1 1 1 1 1 1 1 1 1 1 1 1 1 1 1 1 1 1
65 65 43 65 65 54 54 65 43 54 54 43 65 65 43 65 32 43 43 65
25 37 75 25 25 50 25 37 50 37 50 37 75 37 37 37 75 50 75 25
0 0 143 0 104 11 148 2 97 49 25 150 133 129 12 144 164 98 87 85
30 113 0 49 92 0 46 153 173 83 53 138 141 148 170 36 6 85 164 153
87 62 0 0 28 97 59 22 19 14 88 131 174 145 24 38 102 129 147 197
4 0 0 0 76 131 144 89 118 56 3 184 99 86 166 101 106 75 177 139
0 0 42 0 160 94 55 84 75 13 158 129 142 87 98 10 117 43 68 84
0 3 24 0 9 132 147 97 120 171 36 132 137 132 90 196 48 92 43 17
0 11 169 35 149 21 117 98 100 20 31 56 185 173 56 191 114 117 49 71
198 0 109 144 139 31 136 113 48 136 56 44 188 156 62 77 192 52 103 34
182 132 0 74 47 196 71 183 136 163 56 159 148 162 65 187 195 32 125 74
14 0 0 0 138 199 66 58 114 176 34 74 103 116 33 53 31 127 115 95
21 70 69 134 132 24 131 176 10 144 96 113 57 119 11 115 27 3 93 69
195 0 71 190 188 147 123 47 2 169 21 165 165 188 165 149 75 67 149 63
0 0 0 0 145 190 191 58 122 51 5 59 191 39 6 57 170 138 122 63
0 0 137 0 83 147 28 124 50 136 34 17 116 23 198 122 72 58 53 8
75 0 0 0 70 176 33 163 181 84 157 165 100 179 31 161 120 8 1 75
179 0 0 21 159 67 142 163 145 39 157 154 82 181 2 163 123 127 131 138
