1 1 1 1 1 1 1 1 1 1 1 1 1 1 1 1 1 1 1 1
1 1 1 1 1 1 1 1 1 1 1 1 1 1 1 1 1 1 1 1
54 32 54 32 32 43 65 32 43 65 32 43 32 54 43 43 32 21 65 43
62 50 50 75 75 37 50 25 75 75 37 62 62 37 75 75 75 25 37 50
0 0 0 0 69 9 14 140 173 82 14 55 153 2 194 48 106 88 192 88
0 0 0 90 57 185 114 94 107 89 131 197 52 82 176 44 103 62 166 148
0 0 75 0 24 132 102 169 91 175 196 185 62 31 114 31 71 5 170 151
151 0 160 169 28 38 6 122 191 190 193 138 102 170 2 183 17 73 192 16
0 95 113 0 146 37 170 103 169 134 189 165 2 54 54 126 167 156 177 163
105 195 0 112 150 75 75 51 94 10 86 176 143 146 109 122 165 110 30 151
0 59 99 122 30 79 36 135 151 153 58 125 168 113 110 120 157 131 156 7
112 0 0 0 155 174 153 84 126 155 199 170 51 26 83 47 25 198 184 108
34 130 99 0 176 61 113 46 155 2 169 194 43 108 131 80 168 103 137 124
66 66 66 0 109 157 171 141 7 149 37 190 196 157 197 13 98 81 72 172
53 0 149 132 74 114 89 163 180 196 54 92 91 152 95 81 79 170 168 12
19 0 0 65 190 148 5 36 127 60 194 73 32 157 45 122 98 128 82 186
0 60 0 99 90 152 160 91 148 187 176 116 107 121 159 65 43 26 191 109
0 6 0 0 68 127 36 176 57 87 114 87 96 92 68 72 122 91 137 105
0 95 0 0 99 56 114 182 131 171 105 106 129 194 75 9 83 66 118 156
11 0 114 32 35 84 102 178 8 191 17 128 184 175 4 119 143 16 117 170
