1 1 1 1 1 1 1 1 1 1 1 1 1 1 1 1 1 1 1 1
1 1 1 1 1 1 1 1 1 1 1 1 1 1 1 1 1 1 1 1
54 54 65 32 65 65 32 32 32 54 43 32 65 54 65 21 21 54 43 21
25 37 25 62 50 37 50 75 50 62 50 50 37 75 75 50 62 50 75 25
0 47 0 40 118 152 61 83 138 154 155 178 132 81 94 48 154 173 62 180
98 0 0 0 166 192 147 34 115 85 41 170 187 154 151 96 106 35 38 44
0 72 0 42 25 17 58 78 190 109 185 195 38 138 125 96 22 110 69 113
164 0 47 0 106 58 41 120 83 66 46 196 127 98 152 107 37 84 34 19
0 0 0 0 151 194 123 176 132 72 189 118 153 5 199 66 21 37 185 170
0 8 8 199 38 143 110 167 103 1 23 75 90 192 52 164 198 195 114 158
0 194 110 127 94 31 77 96 72 167 118 26 145 12 117 3 91 136 35 191
0 0 132 5 169 9 1 173 25 108 43 95 18 133 178 188 119 79 54 67
138 0 101 76 22 174 23 31 108 38 171 81 124 20 199 2 68 16 12 33
55 0 68 172 66 77 130 190 165 20 151 135 113 119 158 103 181 2 180 191
196 0 0 0 195 118 104 166 197 175 145 33 90 73 175 150 180 61 78 154
178 0 114 32 75 169 100 83 144 184 164 182 149 107 174 46 132 150 80 12
110 0 172 0 50 143 65 12 118 197 114 104 39 137 144 153 177 71 54 117
0 0 87 0 134 116 141 148 64 100 96 4 119 49 184 27 79 65 20 129
2 153 186 125 85 164 185 98 198 176 175 48 97 167 132 12 107 154 37 31
45 0 0 7 160 32 60 32 111 111 40 45 42 80 143 25 95 64 37 116
