1 1 1 1 1 1 1 1 1 1 1 1 1 1 1 1 1 1 1 1
1 1 1 1 1 1 1 1 1 1 1 1 1 1 1 1 1 1 1 1
21 54 32 32 54 43 54 43 65 21 54 43 54 43 54 43 32 43 54 32
25 37 62 62 25 37 62 50 25 25 62 62 37 37 75 37 62 62 75 50
0 0 0 0 8 172 159 54 54 21 119 95 191 3 97 183 72 33 134 69
57 0 0 0 70 45 141 184 31 185 176 197 44 65 61 46 77 102 18 189
43 0 0 0 108 178 79 126 94 24 178 70 33 156 138 4 184 60 0 20
0 62 28 0 172 174 76 9 42 153 157 5 198 74 10 8 32 198 33 102
0 181 0 7 32 123 20 9 40 25 23 198 186 137 119 10 15 143 0 182
0 0 100 12 98 169 154 166 65 1 162 48 37 94 163 183 199 198 101 129
0 0 0 3 51 109 61 34 23 178 80 198 29 190 104 114 156 118 151 45
0 166 0 113 70 129 109 158 154 169 25 56 37 37 148 156 161 160 70 102
53 0 14 0 122 95 48 161 38 92 146 47 155 193 33 101 16 95 150 155
195 47 83 106 49 152 73 99 76 133 175 181 122 126 185 188 88 123 98 86
192 0 0 0 76 118 164 35 73 143 69 166 4 47 121 71 132 160 16 109
0 57 0 0 173 109 157 166 124 88 163 53 7 135 73 82 70 157 155 56
0 9 0 81 181 115 31 190 137 10 179 174 6 115 93 115 91 59 112 14
178 135 99 84 197 111 7 4 21 0 163 78 173 121 160 12 76 76 48 182
32 0 0 155 24 45 162 196 97 108 51 25 94 1 83 114 31 85 150 70
0 144 0 0 63 37 24 37 143 197 180 159 117 195 155 110 112 199 187 23
