1 1 1 1 1 1 1 1 1 1 1 1 1 1 1 1 1 1 1 1
1 1 1 1 1 1 1 1 1 1 1 1 1 1 1 1 1 1 1 1
54 65 54 32 54 54 65 43 32 54 43 21 43 54 65 43 21 65 32 32
50 25 50 25 37 37 75 37 25 75 25 37 62 37 75 75 62 37 62 25
0 188 54 0 63 114 187 130 58 198 198 116 184 38 7 62 133 140 81 39
0 73 35 0 26 55 54 66 174 92 116 105 26 51 184 132 129 154 1 101
172 0 0 29 187 171 121 122 34 123 147 3 80 160 149 172 10 194 95 6
116 161 0 185 188 49 178 74 197 185 137 33 1 15 140 152 194 114 112 77
0 0 121 0 132 106 71 92 174 92 52 167 102 93 48 43 177 172 103 167
94 7 0 182 17 141 152 45 83 117 185 18 156 171 38 120 17 85 126 134
119 0 0 9 112 179 0 83 150 154 143 55 188 42 192 71 170 78 116 88
149 0 96 87 58 28 61 44 96 68 1 170 163 172 112 189 180 189 193 75
0 0 0 191 104 25 165 146 5 23 128 39 87 166 176 106 113 155 193 54
0 0 0 0 50 98 155 199 107 125 95 55 155 120 27 68 71 31 14 155
0 124 155 0 20 110 115 99 139 76 62 176 99 14 134 75 141 123 133 169
44 0 51 96 69 164 165 152 164 79 158 70 179 80 98 99 142 194 1 63
0 0 0 0 4 179 149 195 157 68 108 63 142 116 28 83 23 38 109 112
0 0 0 178 102 152 176 32 135 76 109 56 135 136 135 9 74 176 190 46
44 0 0 180 120 92 52 26 60 7 83 163 81 179 88 130 0 20 27 34
0 36 152 52 98 165 88 66 149 74 140 192 130 60 170 34 140 100 130 185
