1 1 1 1 1 1 1 1 1 1 1 1 1 1 1 1 1 1 1 1
1 1 1 1 1 1 1 1 1 1 1 1 1 1 1 1 1 1 1 1
21 21 21 32 65 65 32 65 43 21 21 54 54 32 54 65 32 43 32 32
50 75 37 75 75 62 62 37 25 25 62 37 75 25 62 25 75 62 50 62
179 154 161 0 132 10 48 155 144 60 145 137 16 49 1 146 24 186 50 175
89 0 30 0 36 140 16 162 134 102 119 198 40 130 81 84 193 41 92 133
144 66 68 0 127 79 58 26 58 20 70 58 93 74 34 70 46 151 55 119
125 0 104 122 167 185 5 41 139 151 89 64 152 131 93 149 28 61 135 56
0 54 0 154 167 122 100 4 42 51 163 55 135 166 5 193 147 30 45 138
151 42 0 0 164 80 106 59 103 71 26 156 4 127 36 48 159 28 157 56
20 0 0 0 49 25 129 109 190 127 34 155 106 151 164 138 68 97 59 196
0 110 0 0 59 50 117 71 171 168 166 183 145 178 177 120 79 75 75 172
62 0 78 0 117 74 72 70 116 171 8 142 103 141 42 127 129 182 78 178
0 128 0 30 105 154 17 151 152 75 99 110 176 139 126 95 111 142 171 187
21 161 118 162 101 93 63 8 64 29 75 39 194 108 110 68 45 110 50 92
56 122 58 0 165 155 23 113 44 16 64 8 45 50 59 162 131 42 18 100
143 61 0 194 151 51 171 148 82 27 127 96 17 189 126 178 117 126 53 63
78 0 192 105 91 145 134 162 54 18 114 54 93 189 159 65 156 114 156 124
57 0 0 18 68 134 52 180 105 67 74 105 159 22 27 51 81 177 180 114
155 0 0 120 87 152 104 71 88 2 153 84 73 116 67 125 176 19 23 194
