1 1 1 1 1 1 1 1 1 1 1 1 1 1 1 1 1 1 1 1
1 1 1 1 1 1 1 1 1 1 1 1 1 1 1 1 1 1 1 1
54 21 54 21 65 65 54 32 54 65 43 43 21 65 43 43 21 65 21 21
62 25 62 62 37 50 25 50 50 50 25 37 25 50 75 25 25 37 25 50
0 0 0 0 100 194 41 113 147 0 134 91 8 57 198 106 99 163 108 96
0 43 0 76 91 62 10 84 116 180 22 161 104 69 117 60 77 152 139 108
193 127 0 0 146 121 87 112 135 183 26 104 95 67 56 164 182 112 53 76
60 110 163 87 18 98 188 186 71 156 154 163 43 47 63 163 117 69 178 107
114 153 0 132 11 36 82 177 75 184 10 117 45 181 66 65 78 40 97 115
85 16 0 0 107 75 38 79 82 38 108 16 78 172 30 169 154 124 97 129
14 46 26 0 86 89 9 5 85 146 101 19 25 184 185 139 60 119 5 149
0 127 0 0 68 26 109 138 55 63 45 165 64 120 145 94 0 20 101 48
0 82 0 0 27 185 119 106 88 81 110 138 158 178 113 75 59 128 109 66
157 197 0 0 153 181 136 150 192 76 196 21 88 83 31 1 155 117 143 132
0 69 0 150 193 102 55 27 92 112 147 183 94 15 134 45 120 85 66 131
81 197 191 0 12 107 110 137 165 140 139 21 59 70 61 58 92 91 124 24
142 166 0 67 28 16 101 107 18 29 61 51 48 46 156 145 7 58 82 62
0 0 0 180 54 98 34 62 166 26 123 114 153 51 111 74 149 166 21 155
182 0 0 0 71 187 44 71 147 92 130 165 9 85 135 116 156 187 13 93
110 197 0 139 103 94 154 28 65 73 92 151 105 7 9 82 139 182 85 46
