1 1 1 1 1 1 1 1 1 1 1 1 1 1 1 1 1 1 1 1
1 1 1 1 1 1 1 1 1 1 1 1 1 1 1 1 1 1 1 1
43 32 21 21 32 65 32 65 32 54 65 54 32 54 43 65 65 43 43 43
200 200 300 150 150 200 150 300 250 200 100 100 250 150 150 300 250 300 250 300
123 0 108 16 0 33 193 117 170 150 46 104 194 113 171 0 137 44 40 111
0 0 0 0 91 110 9 138 198 110 121 79 61 38 19 161 74 143 87 191
70 0 50 24 103 108 102 78 114 176 48 52 9 182 131 80 75 191 116 113
0 6 29 0 81 163 80 195 37 146 173 21 102 52 145 128 55 177 89 89
164 108 124 0 173 90 176 85 70 76 121 57 77 146 17 107 168 39 15 45
181 138 17 98 41 171 64 109 50 27 67 146 56 139 12 26 29 3 122 196
0 146 0 0 148 160 63 157 70 84 59 91 160 64 114 53 107 64 133 74
0 166 19 1 43 98 197 45 132 23 151 0 173 143 121 80 130 161 113 36
179 0 6 11 146 37 115 194 102 106 96 19 52 4 8 158 10 103 125 61
0 0 0 0 17 83 58 59 70 171 191 109 113 54 43 68 85 57 36 35
168 6 0 0 102 121 84 97 115 44 31 24 149 85 181 87 169 73 182 61
22 11 0 93 8 43 133 4 7 78 47 28 171 175 4 70 94 85 72 52
0 6 16 0 180 148 5 194 80 31 6 148 22 29 68 127 46 117 32 160
122 140 80 0 116 22 128 28 172 101 6 159 150 55 134 74 74 105 49 10
0 0 92 0 183 22 58 109 144 73 184 66 27 71 128 152 190 0 5 57
0 167 0 0 38 132 189 147 102 140 152 101 135 95 198 76 86 11 191 50
