1 1 1 1 1 1 1 1 1 1 1 1 1 1 1 1 1 1 1 1
1 1 1 1 1 1 1 1 1 1 1 1 1 1 1 1 1 1 1 1
54 65 54 43 21 21 32 32 32 21 43 43 43 65 43 21 43 54 43 21
100 150 150 100 200 150 200 300 300 100 150 150 100 300 200 250 250 100 200 300
0 0 74 0 179 112 47 21 159 67 142 163 145 39 157 154 82 181 2 163
61 156 21 33 121 144 161 115 54 46 88 70 138 4 186 111 197 149 132 93
176 0 0 0 123 153 60 42 27 77 113 65 67 74 145 53 64 60 104 84
0 77 0 177 63 60 52 188 72 4 63 164 132 167 104 82 9 41 181 161
184 0 73 126 156 15 172 53 155 143 28 115 23 160 78 172 75 107 17 159
0 0 0 0 88 143 81 104 11 148 2 97 49 25 150 133 129 12 144 164
0 175 31 30 113 52 49 92 0 46 153 173 83 53 138 141 148 170 36 6
0 69 0 0 62 34 91 28 97 59 22 19 14 88 131 174 145 24 38 102
182 64 116 4 25 137 54 76 131 144 89 118 56 3 184 99 86 166 101 106
2 0 145 0 187 42 38 160 94 55 84 75 13 158 129 142 87 98 10 117
45 0 128 155 3 24 142 9 132 147 97 120 171 36 132 137 132 90 196 48
0 0 0 121 11 169 35 149 21 117 98 100 20 31 56 185 173 56 191 114
0 108 10 198 39 109 144 139 31 136 113 48 136 56 44 188 156 62 77 192
164 149 0 0 132 29 74 47 196 71 183 136 163 56 159 148 162 65 187 195
100 0 147 0 174 56 126 138 199 66 58 114 176 34 74 103 116 33 53 31
0 0 0 0 70 69 134 132 24 131 176 10 144 96 113 57 119 11 115 27
