1 1 1 1 1 1 1 1 1 1 1 1 1 1 1 1 1 1 1 1
1 1 1 1 1 1 1 1 1 1 1 1 1 1 1 1 1 1 1 1
54 32 43 65 43 32 54 54 43 65 43 65 32 21 43 43 65 32 32 43
250 100 250 100 100 300 150 150 250 250 150 300 300 100 250 300 250 200 250 250
0 0 157 152 199 74 162 14 29 188 158 64 147 166 133 134 44 61 78 76
0 73 8 0 58 138 34 113 111 0 20 161 148 170 179 141 163 48 110 136
0 31 0 108 150 199 86 89 146 85 30 107 109 85 190 171 96 140 118 176
0 0 0 0 104 60 161 43 173 69 0 77 92 91 199 183 109 137 19 46
0 0 95 70 47 68 141 186 53 40 125 120 86 166 169 25 172 101 31 59
50 168 0 0 2 30 168 33 121 125 85 179 82 25 138 76 132 126 8 133
0 150 55 0 180 172 63 2 186 124 130 185 6 3 190 184 31 31 167 2
143 0 0 0 172 68 120 115 116 142 77 175 120 192 3 143 199 139 48 112
69 0 0 0 198 87 91 7 38 47 43 71 4 32 195 107 11 85 32 194
5 10 169 44 195 162 195 84 61 116 81 78 21 149 43 13 71 122 156 125
13 0 0 0 90 141 91 195 18 15 58 190 90 127 97 174 89 29 172 130
0 38 0 68 26 57 135 36 161 16 139 161 103 183 139 40 157 159 173 73
37 0 0 14 85 85 59 57 118 163 40 161 188 148 135 34 99 15 64 26
0 0 9 74 30 149 140 11 42 147 194 73 61 41 102 45 162 195 184 110
113 107 97 77 140 179 35 154 66 183 108 197 55 135 148 160 48 131 32 164
0 145 46 0 94 166 61 147 13 5 138 131 182 170 44 70 172 162 14 78
