1 1 1 1 1 1 1 1 1 1 1 1 1 1 1 1 1 1 1 1
1 1 1 1 1 1 1 1 1 1 1 1 1 1 1 1 1 1 1 1
54 43 21 21 65 65 32 21 21 65 32 21 65 43 32 43 43 65 43 65
250 100 300 150 150 100 100 200 100 250 300 300 200 300 150 150 300 250 300 300
71 0 55 0 110 197 9 139 103 94 154 28 65 73 92 151 105 7 9 82
0 0 37 2 138 187 95 191 130 117 47 33 185 111 126 95 93 8 142 82
149 6 124 5 128 51 43 9 41 34 26 143 29 161 103 88 122 180 97 135
199 172 0 6 73 103 43 23 72 125 126 86 186 151 118 68 73 117 65 124
174 0 75 0 134 103 72 51 22 178 60 199 163 122 178 113 183 196 163 169
0 0 0 0 190 97 3 100 194 41 113 147 0 134 91 8 57 198 106 99
96 0 189 80 43 157 76 91 62 10 84 116 180 22 161 104 69 117 60 77
0 94 0 0 127 135 193 146 121 87 112 135 183 26 104 95 67 56 164 182
0 8 180 0 110 163 87 18 98 188 186 71 156 154 163 43 47 63 163 117
0 0 0 114 153 82 132 11 36 82 177 75 184 10 117 45 181 66 65 78
71 0 0 0 16 24 172 107 75 38 79 82 38 108 16 78 172 30 169 154
0 0 157 14 46 26 155 86 89 9 5 85 146 101 19 25 184 185 139 60
0 0 0 0 127 139 162 68 26 109 138 55 63 45 165 64 120 145 94 0
0 0 0 139 82 130 122 27 185 119 106 88 81 110 138 158 178 113 75 59
31 120 0 157 197 174 157 153 181 136 150 192 76 196 21 88 83 31 1 155
10 0 0 0 69 182 150 193 102 55 27 92 112 147 183 94 15 134 45 120
