1 1 1 1 1 1 1 1 1 1 1 1 1 1 1 1 1 1 1 1
1 1 1 1 1 1 1 1 1 1 1 1 1 1 1 1 1 1 1 1
21 43 54 65 32 65 32 43 21 65 54 65 32 21 65 54 21 43 54 21
150 100 300 300 100 150 100 150 100 300 200 100 150 100 300 150 200 150 100 100
0 0 103 42 151 17 127 39 130 175 104 95 176 123 164 146 6 124 36 86
0 0 151 24 37 78 183 102 40 61 141 2 141 94 151 48 18 29 28 59
95 138 156 0 187 73 53 2 163 155 195 199 54 194 100 195 53 43 40 102
11 16 0 86 96 19 43 149 132 96 14 76 162 62 13 32 159 194 189 33
0 62 79 139 125 164 180 198 198 168 18 122 5 115 127 32 192 77 77 131
120 0 9 0 67 127 196 169 100 199 180 3 10 77 183 99 62 170 105 21
41 169 160 132 28 66 128 40 64 32 22 199 17 158 149 54 129 57 196 141
0 139 192 0 169 43 34 173 132 102 83 71 8 88 145 86 155 66 189 183
0 0 58 0 69 65 144 186 148 67 54 94 95 102 182 181 83 81 166 52
198 0 7 172 114 3 81 126 125 7 5 83 54 194 12 150 188 46 95 37
0 116 0 146 5 27 62 197 73 135 138 149 105 2 101 166 112 69 80 153
66 0 0 0 78 133 67 139 166 78 112 98 93 57 49 88 5 166 120 102
0 0 57 37 180 89 7 186 164 114 77 123 122 123 32 36 84 92 161 15
149 0 81 0 6 90 139 75 53 139 185 138 172 163 155 59 18 61 86 22
0 0 0 0 181 131 99 122 189 108 138 35 126 70 162 24 173 76 63 194
0 0 199 0 138 143 199 104 159 55 71 71 102 58 22 10 188 68 133 69
