1 1 1 1 1 1 1 1 1 1 1 1 1 1 1 1 1 1 1 1
1 1 1 1 1 1 1 1 1 1 1 1 1 1 1 1 1 1 1 1
21 43 54 43 21 65 43 32 43 32 43 43 21 32 54 43 32 54 32 32
250 250 150 100 100 250 150 200 150 150 300 250 100 300 250 200 250 100 100 250
31 0 63 162 8 50 34 127 48 127 48 144 56 141 12 56 136 113 38 85
0 178 0 145 10 173 51 72 61 57 104 124 196 163 79 185 31 30 114 23
8 130 0 183 190 102 196 142 129 92 135 97 177 36 123 109 166 128 86 195
0 0 0 0 147 161 23 143 160 186 160 5 99 93 83 114 32 30 113 64
0 195 0 0 84 121 163 117 8 35 69 101 118 183 135 104 145 20 177 22
0 0 0 117 60 156 88 170 47 113 179 110 104 107 16 118 110 50 24 153
0 0 65 173 125 150 161 56 4 106 166 48 85 111 183 66 17 119 118 40
0 89 159 0 146 49 28 60 4 133 66 61 190 108 59 7 77 0 33 93
0 177 87 36 166 71 158 55 186 136 22 129 6 159 178 47 66 3 112 143
55 101 0 46 17 147 14 187 181 144 131 158 11 62 48 14 183 16 112 193
0 0 116 0 55 171 3 134 102 174 124 198 3 78 152 61 107 68 176 85
148 0 0 0 175 36 86 131 1 76 199 105 122 66 198 36 114 30 26 118
131 0 0 0 68 35 47 118 136 7 61 90 40 75 149 68 126 171 36 13
0 69 0 95 58 81 130 65 137 70 72 106 24 15 34 43 135 71 178 89
165 0 0 0 140 127 95 1 136 123 44 105 182 24 186 50 96 102 53 168
0 65 135 159 44 192 44 20 17 152 126 79 184 10 112 110 112 129 184 158
