1 1 1 1 1 1 1 1 1 1 1 1 1 1 1 1 1 1 1 1
1 1 1 1 1 1 1 1 1 1 1 1 1 1 1 1 1 1 1 1
43 21 43 21 65 54 54 43 32 65 21 43 32 43 21 54 32 54 43 43
300 250 250 150 100 250 100 100 300 150 150 100 100 300 200 100 200 200 250 250
0 64 0 0 39 111 10 112 74 33 113 180 146 60 177 110 68 61 51 120
0 68 102 0 22 167 11 100 156 169 199 91 125 50 180 53 195 95 149 52
176 197 79 22 179 85 180 111 199 31 44 51 93 156 61 89 66 171 154 110
0 171 168 51 186 110 87 158 124 112 170 21 172 9 116 9 29 23 32 130
0 59 0 0 80 170 123 37 89 136 130 70 149 81 90 86 180 55 133 88
182 0 0 137 140 106 124 33 58 10 142 190 25 165 121 191 128 122 43 111
0 21 0 130 170 105 58 65 79 136 4 121 35 197 191 8 53 173 57 150
0 124 23 189 84 182 114 90 110 56 59 39 180 45 39 111 62 137 155 90
97 0 0 161 183 17 102 109 110 16 117 22 69 93 199 136 92 53 140 168
95 52 130 0 76 132 5 20 176 192 106 179 129 107 148 114 140 193 3 46
0 0 76 107 144 173 67 7 41 112 6 185 196 187 116 109 183 178 72 14
0 0 0 41 118 57 119 55 131 72 37 174 104 25 26 43 51 31 162 65
0 0 0 0 68 148 156 67 143 59 167 66 105 50 189 138 136 51 148 67
132 0 0 71 91 97 163 70 5 9 178 161 95 71 1 172 87 24 2 178
0 0 0 0 189 121 22 180 58 121 28 85 130 137 89 8 57 81 0 79
0 131 0 198 54 33 6 160 98 183 28 158 104 117 81 155 86 25 180 193
