1 1 1 1 1 1 1 1 1 1 1 1 1 1 1 1 1 1 1 1
1 1 1 1 1 1 1 1 1 1 1 1 1 1 1 1 1 1 1 1
32 32 32 21 32 21 21 43 21 54 65 21 65 32 21 43 65 32 65 32
150 150 150 100 250 100 200 200 300 200 300 250 250 250 100 250 100 250 150 200
0 71 105 80 198 141 137 186 129 175 125 0 76 190 142 109 14 184 151 27
176 0 123 0 185 28 173 6 116 182 110 160 59 112 191 30 126 113 119 157
0 0 0 48 25 12 21 143 73 187 65 80 183 192 183 66 162 143 121 20
18 0 0 27 163 15 127 128 31 63 63 136 74 13 73 119 45 37 76 37
129 131 0 125 72 184 107 32 36 73 194 46 30 136 130 62 157 150 105 44
147 183 190 0 172 73 34 133 131 34 97 159 125 29 165 79 53 86 9 127
0 0 0 126 107 18 98 42 195 152 82 55 16 153 132 71 140 47 164 96
125 3 0 94 192 60 35 154 90 130 121 138 59 182 187 198 91 139 17 178
0 191 94 0 155 192 69 62 31 173 147 58 10 51 34 155 148 136 170 56
59 19 0 66 12 121 64 116 110 77 198 14 129 40 101 66 33 109 185 199
0 0 0 0 7 120 65 83 120 120 87 156 16 183 49 27 187 177 141 189
0 74 0 130 132 51 15 181 137 84 187 136 28 40 138 169 128 54 182 45
97 0 58 0 58 106 96 174 50 59 178 72 28 170 111 87 105 94 146 150
0 0 0 34 58 121 193 98 71 20 74 177 109 168 176 6 114 27 31 17
128 103 0 42 26 69 144 35 138 187 169 28 148 149 31 182 136 151 191 78
0 22 0 138 27 70 140 69 29 48 71 145 91 155 66 144 192 192 174 69
