1 1 1 1 1 1 1 1 1 1 1 1 1 1 1 1 1 1 1 1
1 1 1 1 1 1 1 1 1 1 1 1 1 1 1 1 1 1 1 1
65 65 21 21 21 21 54 21 43 54 54 54 65 21 54 43 65 65 54 21
200 200 200 250 150 150 150 100 300 250 150 200 150 100 200 300 100 200 250 300
14 183 1 31 110 130 189 137 76 188 64 94 14 98 10 142 121 123 17 147
0 53 194 0 44 169 54 135 64 67 78 67 175 48 69 57 152 64 175 38
0 0 56 0 36 50 105 113 12 152 48 61 35 153 84 71 30 61 13 28
83 163 84 0 19 135 94 2 93 135 103 65 95 6 143 79 39 186 159 23
47 0 0 0 186 90 28 169 3 199 131 39 5 189 154 98 164 71 157 85
0 0 0 0 53 83 163 107 123 81 48 50 16 179 75 43 142 188 172 57
130 81 193 183 123 74 37 16 45 50 1 143 42 167 53 23 55 105 167 2
0 0 8 146 197 89 198 194 47 92 172 135 111 178 154 149 60 64 26 101
30 183 0 0 156 28 157 122 70 56 136 168 29 122 169 7 65 93 5 134
0 0 128 0 79 103 78 118 164 46 154 107 140 36 70 26 45 134 192 81
0 0 0 151 64 111 152 131 75 170 25 128 106 2 16 91 84 39 11 139
0 143 0 0 89 38 44 130 178 120 194 2 132 83 171 64 53 26 20 154
0 0 0 73 114 91 27 33 20 88 41 152 27 37 195 104 185 0 22 104
130 7 96 87 158 161 164 124 81 80 93 15 70 1 93 191 139 166 147 113
66 118 190 31 113 1 51 184 62 80 133 47 138 70 44 170 76 112 9 139
0 0 21 33 136 195 180 176 66 140 137 145 35 168 169 98 68 73 152 118
