1 1 1 1 1 1 1 1 1 1 1 1 1 1 1 1 1 1 1 1
1 1 1 1 1 1 1 1 1 1 1 1 1 1 1 1 1 1 1 1
54 43 65 43 21 65 43 21 32 43 54 32 65 65 43 32 65 54 32 32
300 300 300 300 250 150 150 150 250 250 150 250 100 200 200 300 250 250 200 150
0 0 77 0 155 180 72 120 87 152 104 71 88 2 153 84 73 116 67 125
48 42 0 0 141 130 170 94 68 125 101 40 99 5 187 74 9 37 128 22
94 0 0 121 111 65 94 16 125 48 75 109 81 17 177 178 6 150 199 194
0 3 111 63 52 13 44 89 172 151 155 36 1 49 172 24 147 91 133 72
0 0 0 173 77 87 158 145 109 196 185 194 194 143 114 6 155 70 135 140
4 0 42 0 154 161 69 132 10 48 155 144 60 145 137 16 49 1 146 24
73 0 0 89 167 30 94 36 140 16 162 134 102 119 198 40 130 81 84 193
0 0 48 144 66 68 95 127 79 58 26 58 20 70 58 93 74 34 70 46
54 0 0 125 9 104 122 167 185 5 41 139 151 89 64 152 131 93 149 28
0 88 0 108 54 158 154 167 122 100 4 42 51 163 55 135 166 5 193 147
16 0 65 151 42 190 130 164 80 106 59 103 71 26 156 4 127 36 48 159
0 7 20 0 162 157 60 49 25 129 109 190 127 34 155 106 151 164 138 68
0 0 0 191 110 138 79 59 50 117 71 171 168 166 183 145 178 177 120 79
0 172 0 62 192 78 96 117 74 72 70 116 171 8 142 103 141 42 127 129
48 85 149 143 128 92 30 105 154 17 151 152 75 99 110 176 139 126 95 111
166 0 0 21 161 118 162 101 93 63 8 64 29 75 39 194 108 110 68 45
