1 1 1 1 1 1 1 1 1 1 1 1 1 1 1 1 1 1 1 1
1 1 1 1 1 1 1 1 1 1 1 1 1 1 1 1 1 1 1 1
21 43 65 21 65 54 65 21 21 32 21 21 32 65 65 32 65 54 54 43
100 300 150 100 100 300 150 100 200 250 300 100 300 300 150 150 250 200 300 250
0 6 0 0 45 37 115 140 30 9 107 79 93 49 154 56 197 154 92 34
0 177 0 56 92 49 40 58 37 19 172 38 190 38 131 54 93 170 105 149
0 0 0 16 95 154 73 96 148 34 137 130 150 183 159 13 130 180 186 106
21 0 0 0 31 6 42 2 76 30 65 175 198 69 195 195 16 8 37 68
50 0 0 0 174 180 100 95 111 75 62 185 59 102 177 149 17 2 23 175
112 170 0 0 73 132 170 98 36 138 185 3 172 42 110 158 157 134 3 153
164 185 86 151 194 75 185 127 187 193 54 126 7 85 177 148 104 121 11 29
159 0 198 0 122 126 145 160 100 123 140 66 53 90 43 31 93 156 35 123
0 0 47 119 111 125 5 125 144 28 79 44 50 156 30 74 35 152 110 19
187 102 194 0 96 41 41 89 41 47 181 72 27 82 192 129 110 162 86 186
0 188 0 22 94 10 5 46 63 25 0 195 106 81 186 149 86 50 49 50
158 166 0 0 197 86 56 12 12 127 146 134 138 126 77 52 145 88 49 6
124 4 0 0 76 181 88 52 99 68 198 73 64 185 130 191 51 30 52 180
0 0 53 0 141 53 175 2 38 17 91 193 148 73 32 182 20 119 65 138
0 177 0 54 6 56 103 145 83 194 114 112 40 14 118 65 56 178 120 106
0 1 146 0 74 57 48 174 113 111 45 169 26 132 160 26 156 189 74 47
