1 1 1 1 1 1 1 1 1 1 1 1 1 1 1 1 1 1 1 1
1 1 1 1 1 1 1 1 1 1 1 1 1 1 1 1 1 1 1 1
32 32 32 43 65 65 43 43 32 43 21 21 65 21 43 21 43 21 65 43
100 200 300 150 300 250 100 200 250 300 200 150 300 250 300 100 200 200 150 100
132 68 32 0 43 144 155 14 137 133 61 137 73 18 183 152 169 90 180 2
22 3 0 0 189 144 76 58 101 150 156 141 5 161 54 58 112 188 176 30
0 0 109 64 51 110 55 15 124 125 106 46 179 119 50 3 148 157 16 164
181 177 80 0 89 23 64 166 23 59 15 15 137 144 14 97 174 148 79 25
0 0 22 94 26 9 81 177 104 112 192 79 112 199 30 98 44 139 87 124
46 57 0 5 192 47 72 132 169 89 119 96 187 112 55 15 58 51 186 51
170 172 0 0 16 196 185 196 143 143 13 32 87 25 56 51 156 167 165 75
0 32 97 28 58 57 78 84 120 20 181 76 73 107 40 170 130 51 15 154
0 2 131 143 199 70 136 192 186 47 75 122 45 160 131 73 44 56 146 179
0 0 88 135 173 66 66 122 19 99 60 0 25 178 158 28 87 73 70 130
38 0 4 170 156 169 72 129 117 117 191 188 144 174 85 120 84 93 186 73
130 0 65 18 58 135 0 98 73 198 109 28 161 122 175 5 108 166 198 121
0 12 145 34 176 173 156 169 21 13 71 157 105 65 29 28 158 112 197 121
0 124 0 44 43 33 56 191 181 91 70 12 172 174 57 121 157 74 91 154
0 0 198 153 38 4 67 181 4 182 151 193 56 170 81 7 181 162 124 41
0 0 0 0 44 120 65 60 61 115 199 147 48 27 125 39 116 136 101 89
