1 1 1 1 1 1 1 1 1 1 1 1 1 1 1 1 1 1 1 1
1 1 1 1 1 1 1 1 1 1 1 1 1 1 1 1 1 1 1 1
65 21 32 54 21 32 21 21 65 43 54 65 54 32 21 65 54 54 21 21
300 100 250 300 150 300 300 200 100 100 150 200 100 250 100 150 150 250 300 250
0 0 75 0 110 31 142 22 184 191 62 18 82 149 157 93 22 124 59 9
98 0 84 48 181 91 0 193 113 199 3 130 21 13 15 0 27 17 92 158
127 39 199 182 171 21 137 66 37 63 55 156 109 165 13 103 158 77 174 185
0 0 63 0 78 143 147 112 175 183 99 179 12 182 144 167 25 63 165 131
0 106 87 0 150 193 181 18 24 43 48 16 152 168 69 144 63 100 197 134
47 0 108 138 38 90 191 66 134 82 146 53 125 55 97 38 154 182 148 152
33 0 138 0 98 144 193 31 115 59 170 168 45 166 14 44 79 48 131 132
170 61 148 188 197 117 127 195 27 41 137 44 135 19 58 123 178 127 112 87
38 0 0 0 150 65 150 187 198 109 81 8 133 69 17 80 186 60 26 84
0 68 52 26 144 9 176 68 46 28 115 46 18 4 181 12 85 110 121 12
0 52 192 0 165 68 137 168 92 151 21 3 107 7 40 174 73 59 27 138
199 3 0 0 126 90 36 15 86 173 162 3 23 1 178 43 62 127 150 49
0 142 2 0 54 186 82 28 82 115 102 192 135 143 16 54 26 169 180 57
0 0 187 0 183 46 128 30 106 38 46 25 137 172 162 131 194 76 66 97
0 0 12 0 116 84 89 123 165 162 110 109 38 74 140 34 31 48 140 20
115 120 66 128 63 42 126 8 114 147 184 176 0 15 159 23 131 12 177 91
