1 1 1 1 1 1 1 1 1 1 1 1 1 1 1 1 1 1 1 1
1 1 1 1 1 1 1 1 1 1 1 1 1 1 1 1 1 1 1 1
65 32 43 54 65 43 21 43 54 43 54 54 54 54 65 43 43 43 32 54
200 250 100 150 100 150 100 150 300 250 250 200 300 200 150 150 200 100 150 200
0 0 0 139 117 35 90 155 169 117 161 1 142 3 9 107 78 45 126 93
0 97 11 0 105 117 26 92 12 146 154 12 40 40 109 108 182 43 19 139
10 0 0 0 96 130 79 140 3 120 44 61 171 7 116 91 116 50 172 64
90 0 53 0 39 136 198 79 111 63 102 53 183 82 17 192 170 117 168 42
0 0 0 139 12 169 191 82 182 180 169 173 21 185 29 69 62 190 36 75
55 141 41 20 116 12 67 161 163 20 160 69 50 1 23 139 196 162 154 33
0 118 0 0 130 101 133 70 32 168 109 82 113 115 69 43 117 64 118 132
0 90 0 0 41 46 124 173 65 139 3 131 166 21 175 14 69 70 197 32
128 0 0 0 170 12 89 25 101 4 98 8 63 63 42 96 100 7 96 96
160 126 95 0 165 62 153 155 174 177 107 65 137 184 135 199 37 16 44 42
118 0 0 0 130 60 75 24 97 136 54 111 182 46 164 176 67 36 45 31
49 0 80 48 78 197 163 75 125 20 22 28 169 94 89 69 32 65 76 4
0 0 83 114 50 144 37 0 157 98 42 132 66 102 162 59 190 68 7 139
154 161 0 0 11 15 97 136 24 161 55 72 95 152 117 140 155 184 169 128
0 98 12 86 17 7 197 141 166 148 147 5 123 172 31 34 29 101 64 58
0 0 168 0 199 107 156 156 91 0 116 189 63 1 102 153 11 173 120 85
