1 1 1 1 1 1 1 1 1 1 1 1 1 1 1 1 1 1 1 1
1 1 1 1 1 1 1 1 1 1 1 1 1 1 1 1 1 1 1 1
54 32 21 54 21 21 43 21 32 65 54 43 32 32 54 65 32 43 32 21
200 300 150 300 200 200 100 200 200 200 250 200 300 300 100 250 100 200 300 100
0 0 0 0 22 172 27 43 30 168 109 181 142 106 33 178 120 125 25 178
0 0 0 9 25 184 99 62 71 66 93 9 121 161 22 42 102 167 87 87
166 186 0 0 149 117 95 186 122 137 195 193 0 87 30 117 161 76 49 145
71 0 0 140 194 64 78 62 37 159 173 175 191 169 179 64 117 70 45 41
45 0 0 115 152 105 21 171 107 43 83 118 48 77 115 5 36 109 24 57
0 130 0 0 178 1 36 182 53 66 58 136 151 57 187 52 37 75 138 173
22 0 0 0 37 120 26 18 114 2 128 156 196 162 65 61 99 194 143 35
0 124 0 0 182 49 30 141 146 19 179 138 43 177 89 99 10 0 50 111
25 0 0 156 66 89 139 9 43 94 18 90 189 58 101 196 116 148 26 93
0 0 41 146 103 46 98 96 64 144 68 157 49 120 191 29 144 8 109 176
0 0 31 0 64 112 192 43 193 182 8 190 75 137 190 3 119 37 157 74
0 165 21 0 115 196 24 138 87 19 40 165 166 147 112 159 73 150 47 184
0 0 0 0 53 36 97 170 131 51 163 77 49 183 85 44 9 86 3 55
0 71 52 199 151 143 118 100 164 131 134 186 51 1 129 175 106 149 193 45
0 115 150 107 152 65 21 73 116 60 17 44 58 131 71 160 100 172 38 172
130 0 153 193 1 14 139 149 11 174 196 66 91 115 121 68 57 129 178 141
