1 1 1 1 1 1 1 1 1 1 1 1 1 1 1 1 1 1 1 1
1 1 1 1 1 1 1 1 1 1 1 1 1 1 1 1 1 1 1 1
54 21 21 54 43 65 21 43 43 32 54 43 54 43 21 21 54 32 65 43
1000 800 1200 400 1200 1000 1000 1200 800 400 600 600 1200 400 600 1200 400 1000 1000 1000
69 0 84 8 32 40 73 65 139 177 192 27 94 132 167 69 62 71 80 37
189 0 0 0 71 176 156 93 37 137 34 85 103 24 138 162 46 146 3 11
0 51 66 117 97 5 113 127 177 26 57 18 56 53 102 72 119 171 19 136
95 188 152 0 2 112 148 97 43 30 39 173 166 95 125 180 31 47 84 42
152 0 0 116 182 165 167 78 27 144 119 188 4 44 123 146 197 198 87 33
126 57 0 0 184 166 4 99 170 117 95 130 77 51 32 153 1 59 42 19
0 15 0 0 45 177 169 62 90 160 131 105 183 106 169 143 26 70 102 17
0 0 0 0 88 125 93 26 121 3 9 101 30 124 44 135 147 50 179 127
92 0 0 187 72 160 44 196 192 15 171 168 107 81 91 172 169 176 17 139
0 0 146 169 34 43 64 47 41 59 52 166 115 19 106 133 126 114 160 15
21 147 121 26 166 156 189 7 9 17 28 152 131 1 97 139 123 105 127 144
183 145 70 0 2 68 59 22 79 173 102 190 52 34 36 64 31 123 195 56
12 0 78 165 66 102 37 63 156 196 102 8 33 194 187 39 68 188 21 58
98 123 102 46 179 151 90 178 64 177 199 122 123 160 100 58 88 106 158 40
29 0 0 140 191 66 162 12 8 101 127 195 180 22 47 194 171 176 80 115
0 0 134 150 4 30 113 35 73 124 106 56 67 128 131 142 83 66 155 69
