1 1 1 1 1 1 1 1 1 1 1 1 1 1 1 1 1 1 1 1
1 1 1 1 1 1 1 1 1 1 1 1 1 1 1 1 1 1 1 1
43 43 54 54 32 43 43 21 43 43 65 43 43 32 21 32 32 32 43 32
1200 800 1000 800 1000 600 1200 400 600 600 400 800 1000 600 400 400 1000 400 400 400
0 0 61 101 148 124 77 176 3 38 174 166 134 133 92 189 159 111 82 60
108 48 0 88 86 74 196 100 162 198 150 75 127 148 130 105 33 48 83 161
0 0 103 125 63 181 98 130 58 146 17 61 94 13 123 57 104 54 138 148
0 0 182 128 133 34 70 166 36 114 81 106 63 167 3 158 76 88 133 5
53 21 0 0 162 146 150 133 89 32 85 30 75 3 195 149 140 198 196 17
53 85 0 0 90 97 94 85 168 35 59 85 43 165 39 133 95 27 82 57
0 0 13 85 80 138 191 71 53 123 118 0 91 76 172 13 70 174 174 182
0 0 0 0 162 30 45 51 58 162 115 60 114 177 194 182 174 109 142 89
0 21 156 0 188 45 137 72 66 63 147 153 45 3 178 77 131 94 179 23
180 0 0 1 20 195 148 138 71 64 48 102 108 192 121 59 13 198 117 72
0 0 198 123 5 64 84 116 196 17 83 14 190 22 28 73 93 184 96 183
0 0 50 0 53 121 51 105 142 122 24 13 35 91 156 67 193 125 49 70
129 89 13 152 66 86 178 106 110 117 119 150 182 101 8 20 163 103 176 106
0 21 22 0 86 64 118 193 43 128 34 112 85 172 172 122 50 28 119 58
103 60 0 129 175 133 11 68 131 124 14 184 4 185 74 85 74 199 137 54
47 0 90 104 13 160 177 122 127 20 170 172 86 26 18 150 157 37 58 2
