1 1 1 1 1 1 1 1 1 1 1 1 1 1 1 1 1 1 1 1
1 1 1 1 1 1 1 1 1 1 1 1 1 1 1 1 1 1 1 1
65 65 32 65 43 54 32 43 54 43 43 54 43 65 32 21 32 32 65 32
400 600 400 1000 1000 600 1000 1000 400 1000 600 600 1000 1000 400 600 1200 1000 400 400
0 67 37 30 10 39 161 120 69 182 150 193 102 55 27 92 112 147 183 94
141 133 193 0 183 35 51 81 197 191 145 12 107 110 137 165 140 139 21 59
4 0 0 0 112 58 95 142 166 85 67 28 16 101 107 18 29 61 51 48
0 85 0 108 44 30 64 172 135 34 180 54 98 34 62 166 26 123 114 153
138 31 126 13 24 55 171 182 93 167 89 71 187 44 71 147 92 130 165 9
39 148 54 71 146 55 161 110 197 9 139 103 94 154 28 65 73 92 151 105
0 135 177 0 182 37 2 138 187 95 191 130 117 47 33 185 111 126 95 93
0 0 91 149 6 124 5 128 51 43 9 41 34 26 143 29 161 103 88 122
3 18 0 199 172 147 6 73 103 43 23 72 125 126 86 186 151 118 68 73
0 0 0 0 89 75 193 134 103 72 51 22 178 60 199 163 122 178 113 183
59 43 0 164 197 8 5 190 97 3 100 194 41 113 147 0 134 91 8 57
120 0 131 0 12 189 80 43 157 76 91 62 10 84 116 180 22 161 104 69
0 171 0 94 94 164 193 127 135 193 146 121 87 112 135 183 26 104 95 67
0 0 198 0 8 180 60 110 163 87 18 98 188 186 71 156 154 163 43 47
194 0 65 0 146 57 114 153 82 132 11 36 82 177 75 184 10 117 45 181
0 14 0 0 129 195 85 16 24 172 107 75 38 79 82 38 108 16 78 172
