1 1 1 1 1 1 1 1 1 1 1 1 1 1 1 1 1 1 1 1
1 1 1 1 1 1 1 1 1 1 1 1 1 1 1 1 1 1 1 1
65 21 65 54 54 43 65 43 43 32 65 32 21 32 21 32 32 65 21 32
400 600 800 800 1200 600 800 800 800 400 1000 1000 800 1000 400 1200 600 400 600 400
30 0 0 0 113 133 73 182 97 126 145 185 178 99 123 169 11 144 70 84
121 0 177 111 128 96 178 37 80 90 190 125 178 171 88 30 192 33 114 196
0 0 73 0 50 29 27 57 111 51 60 99 147 97 161 11 152 13 6 145
0 3 0 0 43 151 123 3 8 26 133 108 172 154 123 195 96 181 77 125
144 0 0 29 3 168 37 107 14 101 187 146 138 118 164 170 89 75 165 100
156 143 126 0 35 189 98 159 12 115 26 194 170 190 83 171 168 54 130 11
0 0 0 69 178 180 0 171 143 76 55 169 95 58 24 167 153 60 77 19
0 5 0 77 62 68 65 144 77 155 94 76 49 121 17 36 78 71 51 7
85 0 0 0 33 122 187 8 50 178 17 149 77 143 82 59 84 48 24 73
37 98 0 90 38 60 43 167 22 115 93 45 182 175 99 31 73 54 85 136
0 0 0 0 127 44 153 46 77 198 159 155 21 193 126 50 175 88 47 198
0 173 0 0 157 121 50 124 21 125 72 44 63 45 150 20 10 198 41 69
104 0 196 178 7 65 51 64 50 1 105 101 188 123 183 67 147 26 23 94
0 0 0 146 164 182 53 149 105 68 39 161 59 66 76 189 119 73 172 196
0 0 150 0 36 16 52 43 127 163 140 24 46 171 46 136 53 161 132 70
0 95 0 122 182 27 33 143 108 184 19 135 142 148 7 26 124 38 140 14
