1 1 1 1 1 1 1 1 1 1 1 1 1 1 1 1 1 1 1 1
1 1 1 1 1 1 1 1 1 1 1 1 1 1 1 1 1 1 1 1
54 65 54 21 21 32 43 21 32 43 65 21 65 65 65 43 65 43 32 54
1000 1200 1200 400 1000 1200 400 1000 600 1000 800 1200 1000 400 600 1000 1000 1200 400 600
0 34 0 170 52 141 22 152 187 157 8 166 117 26 88 22 92 123 164 149
0 193 146 0 129 12 63 163 42 176 99 35 68 147 103 199 131 38 9 10
0 0 0 47 41 114 176 152 147 89 76 167 194 170 4 89 31 199 20 39
78 0 161 0 79 119 199 113 33 67 71 199 59 33 153 197 103 156 38 143
124 0 0 0 60 196 172 177 91 3 19 38 198 21 197 118 87 160 51 33
94 94 197 0 66 87 53 124 6 11 181 34 154 26 39 167 105 114 162 24
0 0 16 0 56 5 123 57 49 38 19 63 63 164 54 137 124 22 28 40
3 0 0 132 142 178 0 10 38 129 158 71 21 66 169 197 193 178 149 28
35 66 91 0 71 125 78 145 184 168 94 23 163 164 38 154 133 173 167 0
0 142 0 169 125 57 28 104 72 49 129 105 103 107 159 170 177 18 101 150
0 81 0 60 57 0 81 183 13 37 101 164 141 159 132 179 179 108 102 20
152 0 0 0 1 85 189 124 37 178 183 116 100 69 132 6 153 30 99 198
0 133 0 167 88 65 35 109 104 43 152 108 196 188 135 195 199 171 78 105
0 0 0 0 78 55 186 71 36 24 160 121 122 112 52 12 42 69 85 92
0 157 151 66 166 140 112 166 133 153 39 154 2 105 2 9 61 196 79 17
0 30 0 13 26 74 114 81 5 24 128 140 194 138 140 146 181 159 97 13
