1 1 1 1 1 1 1 1 1 1 1 1 1 1 1 1 1 1 1 1
1 1 1 1 1 1 1 1 1 1 1 1 1 1 1 1 1 1 1 1
43 54 32 32 21 43 65 21 21 32 43 43 32 21 65 65 54 21 65 43
800 600 1000 600 600 400 1200 600 1200 800 600 600 400 1200 1000 1000 1000 600 800 400
16 170 37 0 101 27 16 102 7 15 158 131 136 35 23 182 93 78 130 31
0 0 51 7 148 14 144 98 83 89 156 124 50 115 186 2 39 62 137 120
0 11 0 0 153 34 46 174 188 150 171 197 80 114 12 46 134 82 173 181
121 0 0 0 33 77 193 21 115 161 165 154 184 63 75 55 189 94 23 191
0 0 100 81 147 119 50 117 18 158 26 64 112 27 103 113 31 102 142 97
0 0 15 68 113 174 146 55 144 156 17 130 138 187 99 123 165 56 171 195
46 134 140 0 15 163 155 153 28 75 66 135 118 187 69 125 29 67 173 45
0 0 0 177 144 191 155 142 87 140 39 63 108 124 138 64 31 61 171 5
0 101 0 162 55 29 187 35 25 7 38 165 108 177 142 47 127 161 41 28
0 0 113 0 149 35 167 143 98 194 77 141 85 140 144 105 13 139 63 116
0 78 0 187 123 149 113 68 108 1 77 38 156 40 26 150 128 54 10 186
0 189 56 0 58 102 168 101 62 50 145 72 117 189 174 134 183 178 87 53
0 57 179 0 128 45 170 144 58 87 117 47 75 82 115 113 45 94 189 23
0 120 79 0 179 103 79 33 189 31 53 144 35 31 129 110 199 80 185 57
0 149 91 156 21 161 156 20 115 131 140 165 45 169 147 158 88 133 1 133
191 0 0 192 186 113 162 18 116 37 90 26 151 45 137 145 90 134 18 15
