1 1 1 1 1 1 1 1 1 1 1 1 1 1 1 1 1 1 1 1
1 1 1 1 1 1 1 1 1 1 1 1 1 1 1 1 1 1 1 1
65 32 32 54 54 43 43 21 32 32 65 43 43 21 54 21 43 54 54 65
400 800 400 800 800 1200 1000 600 1000 1000 600 600 400 400 1000 400 400 600 1000 600
5 0 0 0 172 22 78 138 27 70 140 69 29 48 71 145 91 155 66 144
0 0 6 168 184 55 100 181 125 69 189 66 37 181 125 139 93 138 80 130
0 123 0 49 25 135 160 161 46 54 93 178 156 159 154 177 125 195 142 34
179 0 162 0 68 44 29 126 39 6 191 182 126 121 7 132 93 134 81 25
0 46 0 0 142 50 171 81 16 144 148 65 20 170 85 194 71 172 75 40
140 0 8 0 71 105 80 198 141 137 186 129 175 125 0 76 190 142 109 14
0 158 180 0 25 123 155 185 28 173 6 116 182 110 160 59 112 191 30 126
13 0 0 0 10 86 48 25 12 21 143 73 187 65 80 183 192 183 66 162
37 14 0 0 37 152 27 163 15 127 128 31 63 63 136 74 13 73 119 45
0 0 0 129 131 187 125 72 184 107 32 36 73 194 46 30 136 130 62 157
19 102 0 0 183 190 44 172 73 34 133 131 34 97 159 125 29 165 79 53
0 0 123 0 124 42 126 107 18 98 42 195 152 82 55 16 153 132 71 140
175 0 60 0 3 122 94 192 60 35 154 90 130 121 138 59 182 187 198 91
0 0 137 145 191 94 68 155 192 69 62 31 173 147 58 10 51 34 155 148
131 0 0 59 19 96 66 12 121 64 116 110 77 198 14 129 40 101 66 33
0 0 0 63 81 23 55 7 120 65 83 120 120 87 156 16 183 49 27 187
