1 1 1 1 1 1 1 1 1 1 1 1 1 1 1 1 1 1 1 1
1 1 1 1 1 1 1 1 1 1 1 1 1 1 1 1 1 1 1 1
21 43 43 32 65 65 54 21 65 54 65 32 32 43 21 21 32 21 54 21
800 1200 600 1200 800 800 800 600 400 1000 1200 800 800 600 1200 400 600 1000 1200 600
0 0 0 172 39 196 109 30 83 185 65 96 117 30 131 18 150 191 63 195
0 0 189 198 51 31 197 155 22 4 96 184 62 155 192 143 79 17 120 181
0 140 118 0 158 115 64 181 108 140 136 188 190 182 169 23 11 71 94 34
0 0 0 90 8 150 5 33 198 128 127 155 85 32 190 164 172 37 111 45
0 42 0 0 157 58 50 136 175 55 78 41 41 30 178 91 41 89 6 165
103 0 179 0 194 26 51 50 173 68 76 183 3 89 50 69 56 150 101 95
146 0 0 0 184 27 54 80 141 75 133 35 50 19 65 94 167 60 102 184
33 0 194 170 158 128 63 187 178 1 163 34 67 142 142 197 10 131 3 199
97 0 152 0 90 62 87 126 118 144 195 92 120 6 194 75 6 181 151 13
41 83 84 112 106 107 111 89 112 177 153 192 153 72 98 136 139 12 198 87
112 77 0 0 9 33 60 147 28 91 74 67 141 138 85 183 111 111 154 158
50 0 124 0 158 191 22 136 124 175 161 126 128 121 28 187 64 104 65 15
0 62 0 0 182 156 195 147 34 80 32 193 146 30 31 55 55 36 32 6
79 0 0 0 113 118 67 183 69 24 178 113 136 68 133 23 151 38 4 102
0 164 0 0 58 82 107 106 70 44 90 69 153 103 53 41 131 97 133 101
0 10 17 176 197 62 188 106 71 42 63 134 23 51 18 40 85 194 92 94
