1 1 1 1 1 1 1 1 1 1 1 1 1 1 1 1 1 1 1 1
1 1 1 1 1 1 1 1 1 1 1 1 1 1 1 1 1 1 1 1
32 43 54 32 32 32 54 32 32 32 21 54 32 43 32 21 43 32 54 54
400 600 1200 1200 400 600 1000 1000 800 600 1000 600 800 400 400 400 800 1000 800 600
97 108 189 0 42 180 113 128 25 10 29 71 82 142 97 40 194 108 101 47
30 0 19 94 12 67 171 166 53 161 11 125 163 64 111 120 63 34 109 118
0 37 93 187 94 16 190 55 93 196 0 151 184 16 86 102 120 93 141 23
0 190 0 22 7 189 161 181 35 164 101 92 185 118 36 154 89 1 152 53
0 0 46 0 133 98 56 101 109 34 155 176 39 97 173 85 87 108 178 109
122 63 0 0 68 20 26 92 84 74 95 76 140 148 24 11 107 186 137 119
0 0 168 60 75 180 55 50 147 92 154 194 22 89 148 27 135 108 118 36
0 9 0 13 196 10 93 107 174 55 36 198 178 173 193 56 137 198 124 123
0 0 0 140 16 6 9 135 57 133 58 30 179 187 153 93 41 82 195 144
162 140 151 0 128 145 160 42 131 38 21 94 146 124 93 8 12 64 42 172
161 0 0 54 151 144 192 138 8 131 3 44 159 81 163 44 108 64 183 63
0 0 196 61 173 104 158 179 67 173 30 57 177 116 199 193 79 11 32 187
0 0 34 0 115 92 27 44 91 168 149 150 79 27 165 66 25 84 118 61
25 184 29 68 135 123 76 124 97 125 148 107 107 190 118 144 53 162 154 60
25 0 69 2 179 187 171 80 51 26 93 62 196 195 106 1 95 58 63 8
120 195 115 0 173 5 70 110 178 18 100 65 71 50 98 20 44 130 118 112
