1 1 1 1 1 1 1 1 1 1 1 1 1 1 1 1 1 1 1 1
1 1 1 1 1 1 1 1 1 1 1 1 1 1 1 1 1 1 1 1
32 43 43 21 54 21 21 32 32 32 54 54 21 65 65 21 65 65 43 32
1000 800 400 1000 800 1200 1200 1000 800 800 600 1000 1200 1000 600 1000 600 1200 800 600
0 0 21 24 130 0 153 193 1 14 139 149 11 174 196 66 91 115 121 68
0 0 32 0 75 137 118 56 63 98 174 169 93 14 119 0 176 43 31 173
0 116 0 0 138 157 197 88 171 14 13 115 8 179 80 4 82 99 74 42
0 116 0 68 92 31 96 179 170 47 171 62 153 61 152 24 133 153 130 153
196 0 2 0 69 107 51 121 155 155 21 107 167 121 132 101 110 197 59 62
197 109 33 38 90 109 85 22 172 27 43 30 168 109 181 142 106 33 178 120
0 0 180 0 175 99 9 25 184 99 62 71 66 93 9 121 161 22 42 102
0 147 0 166 186 24 114 149 117 95 186 122 137 195 193 0 87 30 117 161
126 195 161 71 107 198 140 194 64 78 62 37 159 173 175 191 169 179 64 117
71 0 0 0 98 71 115 152 105 21 171 107 43 83 118 48 77 115 5 36
40 0 60 38 130 106 180 178 1 36 182 53 66 58 136 151 57 187 52 37
0 0 16 22 182 152 26 37 120 26 18 114 2 128 156 196 162 65 61 99
0 94 158 0 124 35 108 182 49 30 141 146 19 179 138 43 177 89 99 10
179 0 120 25 13 175 156 66 89 139 9 43 94 18 90 189 58 101 196 116
182 0 0 0 151 41 146 103 46 98 96 64 144 68 157 49 120 191 29 144
0 91 23 75 109 31 128 64 112 192 43 193 182 8 190 75 137 190 3 119
