1 1 1 1 1 1 1 1 1 1 1 1 1 1 1 1 1 1 1 1
1 1 1 1 1 1 1 1 1 1 1 1 1 1 1 1 1 1 1 1
21 21 65 21 54 43 32 54 32 43 32 32 43 43 32 21 65 43 43 54
400 600 400 1000 1000 600 1200 400 400 800 600 1200 1000 800 800 400 600 1000 1200 400
0 0 0 0 86 131 132 198 54 33 6 160 98 183 28 158 104 117 81 155
132 73 70 0 79 115 50 85 5 189 41 129 14 98 117 34 96 14 176 183
115 77 0 0 189 52 109 179 141 143 186 106 50 65 187 113 45 4 157 42
0 170 0 176 47 145 147 149 127 69 55 17 167 56 147 115 51 97 140 77
104 0 106 0 162 127 187 175 139 5 35 6 71 150 106 183 95 92 194 42
0 80 0 115 64 9 128 39 111 10 112 74 33 113 180 146 60 177 110 68
0 99 136 23 68 102 197 22 167 11 100 156 169 199 91 125 50 180 53 195
0 0 49 0 197 79 22 179 85 180 111 199 31 44 51 93 156 61 89 66
0 33 0 158 171 168 51 186 110 87 158 124 112 170 21 172 9 116 9 29
0 0 0 44 59 125 109 80 170 123 37 89 136 130 70 149 81 90 86 180
0 0 184 182 174 129 137 140 106 124 33 58 10 142 190 25 165 121 191 128
0 67 0 0 21 72 130 170 105 58 65 79 136 4 121 35 197 191 8 53
179 0 85 125 124 23 189 84 182 114 90 110 56 59 39 180 45 39 111 62
0 0 159 0 88 98 161 183 17 102 109 110 16 117 22 69 93 199 136 92
9 0 33 95 52 130 166 76 132 5 20 176 192 106 179 129 107 148 114 140
173 0 0 0 53 76 107 144 173 67 7 41 112 6 185 196 187 116 109 183
