1 1 1 1 1 1 1 1 1 1 1 1 1 1 1 1 1 1 1 1
1 1 1 1 1 1 1 1 1 1 1 1 1 1 1 1 1 1 1 1
65 21 65 65 54 65 43 54 32 32 65 21 43 43 65 32 65 32 32 65
1000 800 600 800 1200 400 800 600 600 400 1000 1000 600 400 800 1000 600 400 1200 400
0 104 177 0 27 178 121 190 73 25 35 187 52 55 41 20 91 61 87 119
0 0 0 0 57 93 35 12 95 110 28 97 149 185 45 165 175 134 103 6
0 41 0 0 91 172 96 44 175 182 58 131 150 122 99 127 181 184 14 143
0 173 52 141 190 147 15 156 44 71 89 192 109 82 138 59 81 107 14 131
139 0 0 132 160 16 70 59 52 26 167 77 71 31 110 102 84 6 151 46
37 183 0 68 148 91 46 184 118 17 48 80 74 172 170 25 158 35 102 192
0 0 0 0 117 160 51 81 174 69 39 58 172 68 109 82 138 154 30 41
0 101 124 139 129 195 87 62 172 24 197 50 192 181 128 22 167 125 15 5
199 0 95 0 34 167 18 63 140 25 132 176 61 179 80 16 83 136 16 60
0 0 0 0 31 155 149 17 78 131 149 111 28 131 179 98 106 6 157 112
14 0 132 94 80 98 61 134 80 88 126 94 18 73 189 198 59 17 121 77
0 86 94 0 157 180 144 181 52 105 177 83 51 20 191 148 155 42 182 80
0 0 0 185 166 49 43 188 8 114 128 46 144 69 34 130 120 100 192 164
0 134 0 97 32 48 178 175 181 137 172 151 130 194 170 103 95 173 194 0
162 114 117 0 145 40 189 153 123 196 87 17 34 50 25 90 118 198 23 168
0 119 113 0 108 8 107 24 17 53 87 170 23 144 172 18 36 90 85 123
