1 1 1 1 1 1 1 1 1 1 1 1 1 1 1 1 1 1 1 1
1 1 1 1 1 1 1 1 1 1 1 1 1 1 1 1 1 1 1 1
21 32 65 54 65 43 43 54 43 65 65 32 32 54 54 43 43 43 21 21
800 1000 800 1200 1200 1000 1000 800 600 1000 600 1200 400 800 1000 800 400 800 1000 400
0 0 54 0 102 94 75 66 157 176 134 104 79 91 5 37 120 41 197 192
28 122 0 0 7 179 64 182 189 111 103 170 2 59 175 1 101 70 116 134
198 122 158 166 179 78 26 6 58 190 164 57 121 175 113 69 158 15 161 199
32 0 0 0 120 83 176 167 129 110 26 164 45 28 110 170 9 58 14 88
7 0 0 0 116 172 128 64 186 177 25 186 59 48 54 15 67 13 74 85
0 193 0 0 36 120 184 129 55 150 120 189 149 41 100 16 88 158 84 9
178 0 0 0 41 67 47 137 34 91 31 140 90 6 62 158 177 147 103 11
30 0 0 97 120 169 1 182 101 77 83 55 75 69 120 117 111 120 137 188
146 0 0 94 95 125 183 74 53 39 175 79 37 123 97 60 83 158 178 131
0 190 35 0 19 17 0 36 57 154 138 135 155 156 34 181 19 164 154 9
5 0 92 181 0 61 23 60 64 95 145 50 119 35 173 51 91 116 107 169
72 45 0 0 22 15 138 34 67 165 63 187 93 40 45 49 131 109 33 48
144 153 17 0 132 137 146 69 195 193 187 176 117 121 72 34 35 129 194 122
53 0 27 0 126 14 167 67 66 120 58 67 44 104 183 160 27 187 169 36
0 178 0 0 101 158 21 149 2 112 47 47 186 62 70 173 39 161 174 0
0 0 0 0 108 143 173 19 15 18 154 176 29 89 6 48 193 83 83 73
