1 1 1 1 1 1 1 1 1 1 1 1 1 1 1 1 1 1 1 1
1 1 1 1 1 1 1 1 1 1 1 1 1 1 1 1 1 1 1 1
21 54 54 65 32 21 65 43 65 54 21 21 32 43 54 65 54 43 65 43
1000 1000 800 1200 400 1200 600 1200 800 800 400 400 1200 600 600 400 1200 800 800 800
158 0 110 136 46 151 69 171 54 132 155 130 16 148 156 38 169 64 181 147
0 104 118 171 11 112 94 152 18 133 162 106 36 3 135 64 166 152 114 165
0 121 24 0 48 83 98 151 21 142 26 8 71 112 71 39 139 61 67 8
0 81 0 3 192 12 33 84 169 77 143 154 63 186 178 52 24 25 9 6
0 0 0 89 18 51 165 132 133 162 147 171 147 78 49 163 196 195 153 162
0 0 126 0 65 195 6 92 66 108 138 181 33 131 57 26 60 47 160 40
148 0 45 13 30 11 96 116 194 80 153 115 197 136 95 32 192 118 128 122
0 0 0 107 191 104 72 46 69 31 7 170 185 165 9 153 110 28 2 107
57 0 0 0 176 68 172 2 24 83 196 172 41 185 36 157 64 77 152 73
0 0 0 0 32 194 3 196 30 173 11 167 152 179 137 12 159 171 20 103
0 0 0 0 76 53 132 59 158 26 196 27 69 93 26 192 97 61 174 15
86 0 0 10 121 61 94 83 0 62 179 11 35 69 126 147 38 83 177 13
0 191 0 0 199 90 126 119 14 131 11 19 90 75 55 164 103 109 68 144
88 0 25 0 81 144 183 132 82 165 27 13 179 196 187 3 22 74 149 74
0 191 47 0 153 117 160 134 123 124 57 104 6 17 131 86 157 185 105 24
56 84 54 169 136 158 7 46 158 39 100 52 197 130 12 40 64 64 62 188
