1 1 1 1 1 1 1 1 1 1 1 1 1 1 1 1 1 1 1 1
1 1 1 1 1 1 1 1 1 1 1 1 1 1 1 1 1 1 1 1
32 65 65 32 32 54 21 65 32 54 21 65 32 21 54 54 32 32 54 43
800 600 1000 1000 400 600 1000 1200 1000 1000 1000 800 600 1000 1200 600 1000 1000 1000 800
43 0 0 0 186 196 193 33 175 30 120 22 65 48 91 16 88 39 175 56
0 159 0 0 52 152 145 34 89 48 187 82 12 182 115 2 81 104 180 168
92 13 171 0 12 68 45 101 79 17 132 56 83 169 47 59 84 20 179 22
74 0 181 0 8 133 182 47 66 68 121 119 145 159 21 140 153 40 134 168
0 0 110 0 132 115 194 23 170 19 170 147 175 108 100 32 12 62 91 128
0 127 0 0 59 138 198 113 134 101 127 111 75 195 159 45 126 8 192 42
0 0 0 43 158 95 134 13 161 189 124 110 102 64 24 178 180 89 171 86
0 0 0 194 136 183 147 27 184 75 127 170 93 123 49 172 142 11 104 96
30 0 0 0 66 91 3 44 1 98 70 9 145 92 72 112 131 198 86 80
0 0 20 0 173 127 13 17 21 71 129 82 101 188 157 121 155 186 193 18
0 14 123 0 152 116 53 106 117 55 183 167 68 39 123 24 167 36 112 107
155 24 93 0 40 82 198 27 56 96 140 97 114 24 195 37 60 122 66 21
0 0 0 108 197 184 12 163 159 30 193 84 116 188 149 3 3 144 59 24
0 0 0 113 125 190 88 55 162 158 110 128 182 20 55 88 77 79 156 150
0 135 78 0 8 68 173 9 100 194 157 176 129 10 13 54 192 51 128 13
145 47 0 0 107 43 193 154 36 79 39 104 43 74 181 57 179 18 32 148
