81 0 105 105 97 85 114 102 79 105 98 88 101 87 103 111 98 120 95 97
96 81 88 100 103 111 124 114 104 116 124 75 89 94 78 102 99 104 108 103
0 0 78 85 114 78 100 111 94 124 90 109 93 122 81 99 82 116 80 110
0 93 0 0 80 121 92 105 110 116 77 110 92 88 85 81 87 84 103 108
103 113 0 77 113 98 105 94 121 80 95 85 82 123 124 101 86 95 83 91
0 102 0 0 86 100 106 103 119 93 119 119 90 123 107 115 79 101 84 123
0 0 124 113 77 115 75 86 93 81 89 77 100 76 103 97 100 91 102 91
83 0 0 90 85 106 87 106 118 95 98 82 76 99 89 93 119 95 96 78
76 102 107 79 114 96 96 88 96 82 77 99 93 94 97 108 80 93 108 120
110 0 0 114 98 107 81 98 118 89 89 89 112 75 121 75 101 122 124 92
