0 92 79 97 84 82 114 118 93 95 78 110 123 119 123 95 87 103 99 123
0 113 0 0 111 104 84 116 104 80 110 108 76 123 78 112 93 81 78 95
92 103 100 0 89 117 111 100 99 108 93 99 118 109 81 81 117 77 85 77
102 120 0 107 114 92 92 102 110 108 81 102 102 104 77 80 115 78 103 82
119 0 0 77 113 101 99 113 116 83 100 96 120 76 82 101 80 119 86 99
114 0 93 115 87 110 78 77 83 122 109 86 97 85 96 120 103 94 106 90
0 0 123 0 87 98 87 103 114 109 98 109 78 79 80 99 83 94 95 105
80 106 0 0 83 87 117 105 120 83 92 108 101 102 96 122 89 114 104 102
116 0 87 0 114 94 96 81 78 88 96 124 91 88 92 96 84 118 108 123
102 83 108 0 117 122 98 88 102 78 87 97 100 97 111 115 95 92 111 89
