0 119 0 0 90 118 97 121 85 113 79 78 112 124 113 94 80 76 76 113
117 0 98 0 119 119 115 78 94 110 97 117 84 78 97 77 115 99 76 95
84 0 0 80 77 113 102 93 85 81 108 78 97 77 108 95 97 101 120 123
0 105 82 0 106 108 121 96 116 98 91 105 115 106 111 116 92 108 105 90
93 78 79 115 77 114 123 106 108 96 120 108 101 77 75 75 100 86 80 105
0 0 86 112 77 121 120 113 99 116 75 105 95 78 81 120 113 119 101 97
0 113 0 0 122 83 86 96 107 114 88 117 85 79 107 119 92 113 120 96
119 0 0 112 112 100 99 81 97 108 104 79 89 117 99 101 107 79 106 124
115 0 0 0 99 88 109 78 80 89 116 110 111 117 112 88 100 111 103 110
0 0 85 86 80 109 75 91 108 108 105 80 97 117 75 107 95 87 120 103
