0 0 108 0 84 119 92 83 97 124 111 91 95 109 111 104 80 119 92 94
118 113 0 0 113 96 86 108 83 115 114 122 101 109 109 101 83 85 117 119
0 86 0 83 106 84 111 84 106 123 91 89 115 80 117 99 80 80 77 119
79 0 88 0 107 93 77 82 115 115 77 82 121 123 103 106 79 116 93 115
0 0 0 77 118 95 113 81 90 109 89 89 81 94 110 93 106 98 106 112
0 82 0 0 94 96 114 93 111 84 90 96 113 122 80 89 105 94 107 76
77 0 0 96 82 89 104 123 90 76 90 108 77 109 97 122 79 108 98 104
79 96 98 115 99 76 91 102 119 94 76 99 76 112 96 103 124 114 104 123
77 110 89 83 92 107 97 84 124 118 97 108 114 95 96 122 106 88 91 96
101 111 89 0 83 89 120 76 92 123 80 79 75 82 109 77 102 108 123 107
