76 0 84 109 116 93 85 90 123 107 106 111 115 124 112 75 95 82 108 116
0 0 92 0 76 120 106 85 102 120 92 101 84 117 87 78 87 101 119 86
93 0 0 0 95 116 101 98 112 82 88 123 103 91 120 84 96 104 90 108
103 0 0 0 122 108 83 109 94 105 76 93 100 102 112 106 85 114 108 101
0 0 0 0 109 100 103 88 78 121 109 85 124 79 91 108 122 117 120 123
0 95 0 102 104 88 105 97 99 77 101 79 102 120 120 99 94 89 104 89
0 110 108 0 103 111 79 75 79 121 113 101 107 85 76 108 100 88 115 98
0 86 0 75 89 103 100 87 122 105 83 81 99 99 114 77 114 79 103 75
80 0 0 114 118 107 123 92 92 92 113 95 115 113 81 108 78 80 79 78
77 0 94 89 86 116 102 107 89 118 111 123 112 107 95 91 100 117 88 93
