119 78 0 0 81 115 100 93 113 100 124 104 114 123 113 97 119 120 114 100
100 0 0 0 98 115 105 105 75 79 83 91 111 82 94 83 121 122 77 76
103 80 124 0 98 116 101 79 86 107 75 78 77 108 117 77 95 121 116 92
89 116 0 122 99 124 92 98 90 111 105 102 89 91 92 119 87 99 84 110
99 102 0 82 112 83 123 109 113 83 86 89 89 93 124 93 92 83 120 86
76 0 83 86 117 104 113 90 92 102 115 82 81 78 116 118 111 119 89 100
76 0 0 80 79 113 95 83 82 102 93 91 84 83 112 99 118 90 95 117
0 0 76 102 85 93 78 87 90 94 103 103 118 97 113 86 93 83 106 92
0 0 110 124 93 84 89 120 100 97 88 85 85 119 111 84 100 82 119 97
0 95 112 0 84 122 82 116 123 100 120 99 81 123 82 80 121 93 113 118
