117 0 83 97 94 83 118 110 78 76 112 96 105 115 100 111 123 89 119 108
0 0 80 101 107 111 82 83 88 119 106 78 104 124 81 110 118 81 119 104
95 0 85 96 81 96 121 108 122 106 112 91 107 90 94 94 78 80 86 109
116 124 0 0 116 116 112 87 110 111 99 87 108 95 76 121 93 96 80 95
0 0 85 91 98 92 78 124 94 93 101 100 114 101 111 83 93 99 105 104
0 98 109 0 91 89 120 79 89 101 113 106 110 88 117 98 86 97 94 109
124 0 0 97 96 79 88 83 88 105 85 81 102 111 82 76 81 88 104 122
90 119 122 103 96 117 120 84 77 93 123 105 85 104 77 86 108 85 119 123
123 92 84 116 80 122 99 104 117 100 96 82 104 87 121 80 101 113 94 111
0 0 0 111 76 115 119 102 82 98 103 120 95 99 103 101 96 95 75 86
