0 77 0 98 97 89 121 121 118 98 97 76 114 122 108 112 119 77 76 76
0 0 0 0 119 102 121 113 111 87 78 114 109 78 112 76 96 105 97 100
118 0 85 0 100 96 85 110 123 98 101 81 92 115 78 122 105 120 88 102
0 118 98 108 106 116 110 79 88 88 87 115 86 113 117 76 111 99 85 87
0 108 108 86 104 87 77 113 119 82 75 86 87 104 124 103 121 119 116 115
95 0 102 119 99 116 122 92 96 97 120 95 93 76 79 117 77 83 111 83
104 0 103 0 91 90 110 108 109 76 115 78 110 110 110 118 121 93 112 100
0 76 99 0 88 82 118 103 105 116 111 94 85 111 77 94 106 100 107 85
97 0 94 0 112 87 122 100 106 87 91 102 119 106 120 82 98 81 99 76
92 0 124 0 106 75 107 81 117 88 120 106 75 101 102 77 116 122 112 85
