100 0 0 0 105 80 96 104 86 98 122 98 102 105 98 87 117 83 86 122
77 0 0 0 115 114 82 124 111 106 90 100 78 89 104 77 80 121 117 91
0 102 95 0 92 90 107 101 121 123 90 90 115 107 107 124 113 103 102 110
0 124 0 87 120 77 91 97 108 79 76 77 115 119 84 75 82 112 106 90
0 119 0 0 116 94 120 77 108 87 94 105 119 102 113 82 82 90 91 81
117 0 124 87 110 113 75 121 109 114 118 116 116 96 96 114 102 89 112 121
0 0 0 124 111 114 108 108 111 75 116 75 120 81 81 120 107 120 83 123
0 86 119 89 82 80 106 83 89 108 75 115 117 79 98 80 121 92 122 93
84 0 0 0 122 87 123 122 90 106 92 92 115 95 99 119 83 80 105 111
124 0 0 105 117 99 81 109 85 94 111 117 108 98 83 115 80 122 111 85
