103 96 0 0 120 114 96 118 113 122 90 112 111 83 107 122 89 124 99 97
78 0 79 84 116 92 106 76 91 86 87 90 115 97 119 79 121 100 122 75
0 102 113 0 113 121 115 108 108 86 110 88 94 122 101 121 99 94 101 107
105 0 0 0 75 77 108 97 108 94 107 115 107 96 109 92 86 116 117 101
96 0 90 0 91 87 106 97 111 76 88 75 103 84 112 92 81 105 107 102
0 114 119 0 112 83 94 84 93 113 85 76 115 121 102 117 112 78 85 75
106 115 0 0 87 112 95 109 82 120 117 77 86 97 91 78 75 116 117 96
114 122 94 0 117 103 91 81 106 111 111 80 113 123 110 104 96 124 113 85
105 0 0 0 96 120 92 109 124 81 81 81 80 124 94 101 82 111 118 101
120 109 101 0 98 90 119 101 114 115 120 119 121 84 92 100 85 79 101 78
