78 103 86 96 81 124 106 122 122 92 89 80 95 105 99 115 117 81 99 107
123 98 0 79 78 96 121 122 108 97 116 124 123 112 101 112 115 80 106 103
0 113 0 0 83 92 121 106 79 92 120 92 112 75 87 98 82 100 91 111
0 116 124 81 97 86 101 88 97 75 90 103 96 118 99 100 115 116 110 107
0 87 0 103 75 89 101 120 106 96 123 95 111 110 95 89 79 83 122 83
105 0 0 75 107 101 120 108 108 90 102 102 110 97 107 97 99 95 117 104
0 109 0 0 98 93 124 88 120 77 112 97 123 82 122 116 119 107 77 114
81 75 99 0 105 104 109 81 76 101 98 113 124 124 94 108 88 122 124 117
0 0 92 107 120 122 115 92 117 103 120 98 88 83 77 96 96 120 124 86
78 0 87 93 118 89 116 112 88 107 79 110 84 102 113 93 119 118 75 77
