0 96 0 0 93 118 100 123 101 100 90 78 109 96 114 118 97 83 80 92
102 0 110 99 101 75 101 76 116 85 106 78 94 100 90 102 111 121 84 80
89 111 76 102 101 105 100 116 79 100 108 117 99 107 77 124 83 103 85 76
101 90 0 92 97 86 91 90 96 115 75 75 112 84 98 114 103 107 99 85
0 90 0 0 105 94 107 107 98 87 120 81 124 88 78 95 104 112 112 75
0 80 0 106 121 75 107 116 118 116 76 111 111 123 96 116 101 113 123 85
0 0 0 85 78 82 85 104 112 92 113 119 82 115 107 78 122 80 89 79
0 0 83 105 119 115 90 103 104 111 77 122 117 88 118 86 87 97 96 113
85 0 82 93 85 84 77 110 111 121 78 97 95 98 121 106 93 97 109 91
0 87 96 98 109 76 97 105 102 81 117 120 93 85 81 99 115 83 79 89
