107 0 0 83 88 118 83 95 91 124 79 90 81 123 106 122 92 81 114 103
0 0 114 85 122 98 116 79 99 120 124 103 100 117 103 79 124 88 112 95
122 0 0 113 115 104 75 120 81 78 102 88 106 99 121 115 93 95 86 76
117 0 0 0 97 86 94 85 109 105 105 92 105 86 90 111 101 117 89 75
0 88 0 0 114 120 77 75 105 111 88 99 110 86 94 94 108 80 102 115
84 0 0 103 102 121 97 78 81 124 75 100 90 93 90 110 111 86 96 97
89 0 0 117 102 86 124 94 86 124 111 85 78 124 121 100 122 95 113 96
77 0 123 0 96 118 99 101 88 124 118 120 104 110 94 98 112 80 103 119
105 0 0 0 114 113 114 102 99 77 120 78 107 94 110 110 102 103 117 112
0 0 0 0 82 87 109 124 89 115 93 82 77 94 122 94 95 83 119 96
