0 0 0 77 102 107 96 76 123 82 121 79 111 77 103 85 96 122 118 110
79 0 89 108 98 102 80 106 116 84 94 86 106 81 112 99 109 111 78 79
0 0 81 87 102 103 121 86 112 109 108 104 98 92 89 109 123 116 120 113
91 108 0 0 94 102 81 109 95 79 91 80 97 113 80 112 86 81 95 89
0 0 122 103 105 115 88 109 76 97 92 113 97 82 81 118 104 103 123 76
95 0 109 0 120 112 95 81 83 103 75 84 76 106 112 108 84 124 109 104
0 0 104 92 117 81 118 75 110 90 99 94 93 76 118 106 108 110 102 122
91 122 105 83 95 105 107 120 98 106 101 99 113 96 111 75 124 102 90 87
84 0 0 119 96 83 103 75 109 106 114 84 119 80 96 90 123 79 112 117
0 90 0 0 86 120 91 83 90 113 93 124 109 97 97 113 95 99 90 94
