83 0 0 114 93 122 91 76 109 77 119 79 123 82 81 113 98 107 108 75
0 0 119 92 114 89 98 80 84 94 109 118 83 100 96 122 100 88 81 83
99 91 76 0 103 84 106 90 119 114 81 124 89 100 79 77 89 83 88 123
0 119 0 112 112 97 99 119 85 91 82 119 84 124 118 105 116 105 98 115
120 122 116 91 116 115 94 78 81 77 111 100 104 106 122 123 76 120 86 80
0 0 0 82 76 103 99 83 117 93 104 106 98 101 107 89 94 91 87 107
86 0 119 96 117 102 90 99 97 107 115 106 107 81 101 116 120 104 101 101
97 76 106 0 98 89 81 78 105 89 75 88 77 114 100 79 82 110 106 105
93 78 115 0 86 104 124 87 123 95 78 96 117 82 117 110 101 75 95 91
83 0 0 96 91 104 86 119 85 106 89 122 88 124 116 81 103 108 79 114
