116 95 0 0 82 119 80 113 115 115 104 92 115 108 100 77 98 87 90 113
94 111 0 84 113 97 89 116 105 82 89 98 79 84 116 110 113 79 80 115
0 0 0 0 122 111 110 91 90 92 116 98 123 106 112 94 87 89 117 81
119 111 102 0 120 106 94 77 112 101 123 105 101 116 97 121 111 76 108 85
0 0 112 107 97 102 89 88 93 114 75 113 79 116 92 105 108 100 88 76
121 0 0 0 82 112 113 85 120 122 93 107 105 116 96 95 113 101 101 89
0 76 77 0 75 80 110 115 107 114 117 90 98 87 92 81 106 107 100 102
0 76 0 0 105 122 102 102 91 109 98 94 79 89 106 87 87 104 93 92
0 0 0 0 90 90 88 123 78 94 86 99 97 104 118 93 112 93 113 92
98 96 86 0 118 110 94 107 96 98 114 82 111 101 102 113 124 79 121 112
