118 0 0 122 94 86 109 118 81 93 92 83 110 108 92 107 82 83 87 99
0 0 0 85 100 106 120 101 106 79 92 99 122 85 91 123 84 113 120 95
0 0 0 105 115 98 115 123 86 90 88 83 98 113 119 97 114 107 114 105
92 122 86 0 82 92 106 113 84 123 76 92 122 90 120 82 106 118 105 111
110 79 87 0 117 91 95 78 79 105 111 91 112 104 91 102 80 94 117 124
0 0 0 80 95 88 124 76 110 105 109 91 121 95 107 105 118 105 106 96
81 0 105 0 113 107 121 108 82 87 118 78 76 120 104 109 120 96 102 121
0 0 0 0 87 79 81 89 78 101 80 99 110 118 93 87 121 89 91 119
84 116 113 0 81 83 115 89 78 105 106 123 107 99 82 92 90 80 90 93
107 0 121 0 106 85 93 81 121 92 101 111 83 83 84 109 93 121 123 117
