0 0 0 105 99 99 94 110 105 89 87 85 97 118 75 78 78 112 86 92
75 0 101 0 121 101 89 79 98 113 83 75 87 114 105 98 114 103 120 119
95 0 117 0 97 84 116 86 75 108 113 81 79 116 82 121 112 99 124 86
81 117 112 0 76 107 120 104 105 115 111 106 94 85 91 102 108 120 77 113
111 0 108 0 114 118 113 80 86 76 90 92 91 97 102 76 79 90 95 84
0 0 104 87 76 121 118 88 86 79 90 82 93 105 100 80 97 101 118 89
77 91 112 117 113 107 99 101 92 87 84 86 103 100 107 90 109 84 83 78
0 96 111 98 124 104 86 102 121 107 88 80 90 113 112 120 121 78 100 117
93 0 0 106 105 96 87 97 97 91 120 104 103 96 85 85 97 115 89 78
76 95 121 0 76 94 90 120 121 103 106 81 94 105 111 102 98 114 75 103
