0 0 0 0 95 107 77 81 94 83 84 119 82 91 98 90 109 124 98 110
0 115 76 0 124 88 78 110 93 121 109 113 87 81 104 123 93 84 86 115
0 105 117 0 92 115 75 112 77 99 83 102 82 89 89 104 112 83 120 85
0 86 0 0 123 77 90 89 102 115 113 88 111 102 89 123 96 89 120 106
96 0 107 0 116 107 118 107 102 111 112 101 108 91 84 121 111 82 111 103
0 101 0 0 110 80 122 122 122 122 92 95 104 88 101 114 85 91 104 121
0 105 115 0 108 118 88 94 103 112 117 113 114 105 83 120 115 108 93 90
115 0 0 0 94 110 119 98 98 122 76 87 121 120 104 80 105 110 75 121
0 118 0 82 83 97 104 85 113 79 115 108 85 95 110 89 111 96 115 90
101 117 88 0 76 106 75 85 115 121 86 99 84 91 94 114 97 76 95 94
