0 0 0 0 98 87 88 108 114 121 90 85 110 123 110 81 96 80 98 95
0 0 123 0 124 82 98 76 86 121 79 100 98 114 110 97 119 84 78 123
121 0 112 108 124 112 81 112 100 107 111 121 87 78 105 92 81 86 123 88
114 114 0 0 123 111 88 113 106 102 86 90 121 98 77 98 79 105 108 88
0 103 97 98 96 121 97 83 84 104 98 116 119 122 111 76 93 91 119 89
116 83 98 0 106 102 123 113 119 86 101 113 95 106 104 79 84 122 92 87
83 85 0 102 86 78 97 108 82 116 117 75 99 96 87 88 120 88 111 117
0 0 0 0 105 90 114 122 83 106 86 93 84 102 76 115 90 77 122 95
0 105 0 0 95 86 95 85 108 81 78 121 95 120 118 123 77 113 109 123
0 0 80 0 82 106 95 81 87 106 90 118 102 116 103 88 97 118 106 109
