89 101 0 0 76 81 98 108 77 80 108 104 90 87 79 121 111 81 75 117
0 0 115 103 79 122 118 81 95 123 107 116 101 114 102 97 120 113 76 120
107 121 0 0 84 75 86 110 117 96 101 104 78 77 86 122 101 84 81 105
0 119 0 0 95 94 120 110 76 105 100 105 97 119 84 92 81 114 100 98
103 101 120 78 100 79 117 107 118 78 90 91 112 93 77 116 86 106 108 97
122 0 97 106 89 103 94 87 98 97 97 122 89 117 107 123 86 78 119 78
95 0 106 116 121 95 111 104 82 112 111 88 76 119 83 79 89 84 93 97
81 0 0 114 97 98 106 76 91 116 81 76 106 79 101 114 105 96 115 121
0 93 0 0 100 101 121 90 99 95 111 106 84 118 98 104 115 108 83 106
122 90 85 0 97 119 122 100 109 122 121 88 119 121 78 112 118 124 97 79
