91 0 124 90 112 90 90 90 118 84 83 76 118 123 82 77 105 94 102 78
0 110 104 0 81 88 89 78 112 80 106 97 79 97 106 79 82 102 113 92
83 0 116 117 84 115 77 103 108 121 118 83 77 87 123 85 113 79 109 86
83 0 106 79 122 77 107 99 97 83 80 106 97 78 84 93 121 119 76 85
0 0 89 0 100 111 83 120 102 81 105 118 79 83 118 84 118 75 120 89
0 0 121 0 111 101 78 86 81 83 97 80 109 92 77 90 88 121 116 112
111 0 0 110 84 121 123 80 78 119 94 78 120 95 88 87 104 76 109 104
0 0 0 80 110 103 109 105 89 89 87 99 117 78 81 108 115 110 100 77
0 0 109 0 86 108 98 88 84 79 79 78 87 91 97 99 100 112 85 122
106 103 92 124 78 118 123 105 101 121 90 116 85 93 86 81 109 113 92 108
