99 105 0 0 118 112 112 82 99 75 88 77 84 124 108 107 99 88 90 114
0 0 0 81 106 80 119 101 112 105 101 122 81 97 99 91 124 77 112 82
0 0 0 0 98 79 110 106 76 85 99 113 123 104 82 79 109 113 93 121
0 0 0 98 121 102 89 121 75 85 110 105 85 93 86 104 95 117 94 111
0 99 93 0 100 85 118 119 115 95 83 79 124 107 77 94 76 93 95 103
0 0 0 77 93 80 88 121 91 93 114 97 104 114 85 88 105 105 117 87
99 0 0 0 87 115 101 92 114 123 108 108 117 121 112 105 80 106 104 106
0 101 0 113 85 99 105 76 90 78 93 113 112 110 92 122 83 93 119 86
0 0 0 94 76 106 116 98 95 80 123 87 113 122 112 110 75 115 98 86
0 84 84 95 91 93 123 91 98 122 100 86 104 123 100 90 95 86 96 89
