0 93 80 93 114 75 84 117 94 81 92 118 91 121 93 118 101 86 119 93
110 0 0 96 91 99 78 97 83 114 91 89 119 106 123 108 124 85 116 110
0 0 0 101 77 100 106 78 103 85 121 82 118 76 101 108 121 88 119 79
111 92 0 0 91 110 116 99 100 87 79 94 80 121 111 78 84 109 104 86
105 0 79 0 98 124 119 76 80 105 106 108 105 119 124 122 78 98 81 102
95 100 0 0 107 84 81 101 117 84 105 114 95 121 96 103 114 116 115 123
104 0 111 0 77 108 82 111 104 79 105 116 85 97 76 96 111 76 90 114
0 101 0 91 97 77 108 100 95 112 114 83 82 104 96 80 78 102 89 101
0 87 0 0 124 113 92 91 90 95 110 90 121 90 77 100 122 107 75 77
0 77 0 98 78 115 120 105 91 78 121 94 114 122 105 114 105 122 97 87
