0 109 107 78 98 117 114 103 111 100 79 100 90 108 103 118 94 108 87 97
0 85 107 119 90 80 89 96 116 103 120 96 121 122 111 102 81 92 107 116
0 0 0 0 97 115 91 75 103 89 82 124 87 108 84 95 119 115 92 88
0 0 80 0 107 96 88 93 90 100 107 87 124 82 109 85 109 118 99 92
0 102 86 86 109 110 110 122 80 82 87 79 89 91 76 80 111 108 80 102
0 0 95 105 90 87 94 121 120 107 78 90 115 104 100 114 112 86 124 96
99 0 0 0 87 79 115 98 76 84 84 123 116 89 106 96 84 118 96 88
93 109 86 85 108 95 102 84 93 118 97 105 120 121 78 98 75 107 118 93
96 123 86 0 99 93 78 79 116 121 114 76 89 95 113 92 99 80 80 103
0 111 95 0 112 98 84 116 113 84 97 108 123 117 103 91 100 85 78 122
