116 101 0 86 114 83 106 100 121 105 104 84 81 102 86 83 90 88 76 119
0 0 88 77 76 89 78 97 107 102 76 80 81 122 77 83 87 109 99 89
0 0 106 0 110 84 109 80 104 99 114 119 103 110 89 101 104 95 101 102
0 98 0 0 109 99 78 115 116 76 80 75 120 107 88 91 75 100 110 90
0 115 109 107 94 122 116 102 107 100 107 117 88 93 122 99 86 114 95 89
0 0 0 103 98 76 120 96 115 97 104 102 114 79 115 113 86 124 123 124
81 117 0 0 84 79 113 83 76 109 95 108 121 113 119 76 91 76 86 115
0 0 99 0 103 90 92 116 108 96 92 122 86 96 111 119 122 93 106 124
99 107 0 0 101 78 107 77 94 108 119 115 118 76 95 106 90 109 97 96
88 113 0 88 103 104 124 77 79 76 115 112 111 97 85 116 111 99 109 93
