108 0 0 0 114 123 104 91 92 91 113 121 111 99 99 116 99 124 89 104
90 96 116 0 109 85 123 120 83 119 99 91 119 101 88 79 103 103 121 95
95 120 0 124 97 93 120 75 89 123 100 123 95 86 94 91 118 85 101 117
96 0 0 0 114 84 87 86 90 105 77 93 78 97 113 123 102 100 97 101
112 0 0 77 93 119 82 92 86 82 99 86 117 92 86 117 76 115 75 77
97 119 110 121 108 86 104 118 104 90 91 80 77 75 106 115 77 109 84 114
119 0 122 0 120 80 119 109 84 103 107 102 119 75 94 82 77 110 79 120
122 0 117 0 77 107 100 110 83 89 76 77 99 120 97 115 116 82 110 80
103 0 77 0 119 104 79 89 91 99 88 86 103 118 76 76 81 105 81 91
0 105 0 0 99 93 112 120 95 78 97 119 122 124 94 81 104 123 100 75
