0 0 0 118 123 114 124 86 100 113 89 103 76 86 121 80 75 82 116 82
0 98 0 0 104 77 77 113 106 118 84 75 122 76 117 90 103 98 123 115
124 81 98 0 98 96 112 79 104 99 100 92 77 84 87 115 122 91 110 79
91 0 0 101 107 118 113 116 101 110 124 116 108 116 104 111 99 118 77 124
102 0 0 82 102 104 80 108 101 87 85 122 85 117 75 120 103 117 98 108
0 101 91 124 106 107 91 124 92 81 92 97 88 75 111 75 124 84 82 86
116 101 91 0 114 111 76 93 99 102 121 119 106 107 117 86 109 111 94 93
123 0 0 120 82 82 88 77 78 114 75 75 80 96 110 88 88 94 115 76
82 88 0 0 101 118 89 105 88 88 78 93 97 102 100 102 78 104 103 92
82 104 0 116 100 98 89 116 77 108 95 122 93 87 97 108 117 118 102 111
