96 0 107 107 108 109 124 110 88 101 83 106 76 83 115 89 99 77 120 110
94 0 0 0 87 107 96 117 76 101 122 89 85 91 107 94 78 109 99 76
0 0 0 0 102 122 119 96 110 120 110 103 121 97 101 102 87 89 91 89
0 0 0 99 111 115 112 120 106 79 92 100 88 102 79 102 116 79 89 104
0 88 0 107 121 116 118 94 109 108 76 76 83 80 76 119 92 123 112 101
0 88 77 0 107 101 84 111 102 118 77 91 103 76 93 85 83 103 103 76
92 0 0 0 124 85 80 104 116 89 77 104 100 88 114 107 117 93 124 84
0 75 94 0 80 85 119 92 96 112 120 114 102 91 124 110 82 89 86 116
0 120 0 107 87 92 121 97 102 99 96 115 114 92 106 76 103 77 117 119
89 0 106 0 102 80 95 122 117 105 105 80 84 120 97 89 109 105 107 82
