0 123 0 0 80 114 78 110 108 114 120 113 123 124 97 93 110 115 97 78
0 82 120 89 96 107 81 93 84 77 80 89 92 89 81 109 89 83 108 103
0 0 80 0 91 102 84 82 82 91 93 102 78 112 96 124 96 96 89 97
99 0 118 0 85 110 122 108 81 106 77 90 93 101 82 90 112 115 110 85
100 124 0 105 93 111 103 91 101 98 99 92 94 86 110 92 119 110 83 121
0 101 107 0 75 87 121 117 111 119 86 79 116 75 98 82 116 117 90 83
111 0 80 121 116 102 93 112 122 88 87 117 109 120 117 118 92 90 86 75
0 0 119 87 99 110 76 90 114 77 94 122 76 118 105 92 82 105 105 103
104 103 115 107 99 92 96 109 84 113 121 114 124 124 99 96 114 97 88 76
96 80 92 0 79 76 78 77 87 117 85 86 87 123 107 115 76 123 79 96
