0 97 0 124 124 75 76 117 123 124 87 110 113 75 121 109 114 118 116 116
102 87 0 0 101 77 103 105 79 86 124 111 114 108 108 111 75 116 75 120
101 0 0 0 75 87 122 122 86 119 89 82 80 106 83 89 108 75 115 117
0 0 83 84 77 77 122 84 106 116 113 122 87 123 122 90 106 92 92 115
119 99 0 92 87 80 103 124 95 91 105 117 99 81 109 85 94 111 117 108
0 117 0 87 75 80 100 109 75 108 105 80 96 104 86 98 122 98 102 105
96 76 0 0 117 111 77 118 97 106 115 114 82 124 111 106 90 100 78 89
0 0 0 89 109 77 124 102 95 124 92 90 107 101 121 123 90 90 115 107
0 83 0 0 89 91 79 124 120 87 120 77 91 97 108 79 76 77 115 119
0 0 0 85 108 102 81 119 123 124 116 94 120 77 108 87 94 105 119 102
