0 96 119 0 124 82 110 95 83 102 119 99 116 122 92 96 97 120 95 93
80 0 0 0 102 89 104 104 97 103 117 91 90 110 108 109 76 115 78 110
0 0 80 107 107 96 119 86 76 99 99 88 82 118 103 105 116 111 94 85
91 0 0 95 92 110 100 97 87 94 92 112 87 122 100 106 87 91 102 119
0 0 92 117 107 81 76 92 87 124 112 106 75 107 81 117 88 120 106 75
113 114 0 82 92 98 122 77 84 98 97 89 121 121 118 98 97 76 114 122
85 0 0 0 105 98 120 86 120 80 119 102 121 113 111 87 78 114 109 78
0 123 0 124 86 124 118 119 85 107 100 96 85 110 123 98 101 81 92 115
0 117 0 116 118 75 123 118 98 108 106 116 110 79 88 88 87 115 86 113
123 0 115 0 109 82 112 108 108 86 104 87 77 113 119 82 75 86 87 104
