0 0 93 95 86 78 112 120 85 75 98 82 112 102 91 107 102 122 113 109
0 0 104 80 80 83 121 88 110 123 87 110 83 86 97 117 84 88 86 108
105 0 78 80 100 92 76 85 78 89 99 98 93 84 103 87 97 101 81 103
0 103 0 107 115 95 107 115 76 96 99 90 96 79 114 108 115 98 116 75
0 0 104 101 107 86 91 109 104 113 122 112 82 121 103 97 75 82 87 117
0 0 101 76 100 89 97 84 121 76 80 93 83 88 109 95 123 115 120 101
0 0 0 0 124 107 97 95 109 123 100 120 103 105 100 93 91 84 106 79
99 110 94 0 78 120 105 102 113 77 115 111 109 124 111 97 79 124 108 123
0 113 90 0 101 82 100 120 79 75 83 81 94 114 79 82 104 114 99 105
0 94 122 123 87 76 84 98 92 107 99 91 79 94 106 100 101 94 86 104
