83 87 82 95 96 91 122 105 80 121 106 87 117 77 81 111 82 106 108 99
0 0 0 85 104 99 123 114 93 120 84 108 115 97 95 81 112 94 123 77
101 120 0 0 98 85 81 116 82 104 95 94 77 123 82 84 113 118 112 111
92 0 0 0 108 78 77 83 76 119 101 81 107 94 111 78 104 97 118 100
118 101 0 124 85 97 79 110 120 97 89 115 83 121 110 108 123 94 108 89
0 0 0 0 86 116 79 95 110 89 112 88 107 82 121 75 97 114 106 98
82 120 93 0 93 84 111 124 80 112 104 100 78 98 89 103 81 95 121 75
0 120 0 88 76 95 83 116 112 107 102 92 78 85 87 81 94 96 116 124
0 0 0 119 119 107 103 108 81 93 107 77 118 106 115 96 75 87 105 94
121 0 0 93 107 123 105 76 112 82 94 85 80 110 85 86 81 110 83 82
