0 0 0 84 115 121 122 81 98 104 112 111 77 102 100 86 103 94 103 94
0 0 86 0 87 107 102 109 87 111 110 123 92 110 96 93 98 81 109 75
91 109 75 118 119 83 92 112 98 80 92 98 100 86 123 122 113 120 106 83
0 107 0 0 107 79 114 121 90 109 78 112 107 99 110 124 90 118 85 116
93 89 88 115 116 77 85 97 117 113 90 81 87 108 104 113 99 96 102 77
83 0 0 109 84 103 92 123 116 77 85 81 103 77 120 116 123 114 83 82
0 0 111 0 119 107 120 121 109 124 93 104 117 116 76 112 78 108 124 95
83 0 0 0 90 91 96 119 104 77 84 80 99 76 92 124 113 89 118 121
99 115 93 0 106 121 103 92 106 90 94 86 89 123 107 113 100 83 114 124
0 112 0 0 107 106 91 88 77 97 94 94 104 77 98 89 104 94 119 123
