87 0 97 0 105 88 107 96 122 106 106 81 103 123 114 120 117 115 85 93
0 0 118 0 77 124 90 124 109 109 94 103 90 97 101 118 103 79 90 115
111 0 96 78 106 121 100 88 79 102 91 120 100 86 100 120 91 96 123 85
89 0 0 0 76 84 123 82 93 116 124 116 77 77 116 121 85 103 103 82
0 120 0 107 75 106 102 100 85 122 94 108 102 86 111 119 91 120 117 82
76 0 98 0 116 115 86 95 102 123 111 76 101 121 88 120 123 86 100 97
0 0 0 93 93 112 110 119 81 85 107 103 113 75 104 89 96 106 93 83
0 89 108 0 90 100 114 90 83 97 104 121 116 104 116 93 104 93 85 104
124 93 0 80 107 112 101 86 118 103 91 91 112 79 81 98 75 114 122 110
0 0 120 88 112 113 124 102 84 86 103 94 120 79 75 92 82 80 92 124
