0 111 96 75 102 98 104 84 118 89 120 109 91 104 107 83 90 97 93 113
118 0 0 0 113 120 87 99 102 77 95 112 87 101 94 104 124 81 115 98
75 97 0 0 104 77 102 123 124 109 95 120 103 99 87 107 111 94 84 110
0 94 0 0 94 97 113 109 115 88 89 93 122 84 77 109 78 124 99 94
76 90 0 117 112 76 107 123 99 98 78 109 96 78 79 117 76 122 124 95
101 0 97 105 85 88 112 110 81 85 117 80 87 104 124 78 101 91 114 115
0 117 119 98 107 96 89 104 106 108 78 120 112 107 110 100 105 108 120 92
0 0 0 0 105 119 108 97 85 112 103 76 116 85 94 86 117 106 81 118
0 77 0 121 79 107 123 102 105 84 100 120 103 117 118 78 75 97 124 81
0 0 0 87 95 115 92 106 96 98 102 112 90 116 118 90 88 113 85 113
