81 0 0 114 105 103 99 95 98 109 124 91 89 120 79 89 101 113 106 110
0 0 0 121 89 106 122 124 105 122 97 96 79 88 83 88 105 85 81 102
77 0 0 105 79 109 103 90 119 122 103 96 117 120 84 77 93 123 105 85
80 0 124 0 122 100 123 123 92 84 116 80 122 99 104 117 100 96 82 104
84 75 81 101 95 85 76 100 85 121 111 76 115 119 102 82 98 103 120 95
0 0 95 0 104 95 117 105 83 97 94 83 118 110 78 76 112 96 105 115
0 0 79 110 113 91 100 124 80 101 107 111 82 83 88 119 106 78 104 124
0 0 0 110 113 94 95 119 85 96 81 96 121 108 122 106 112 91 107 90
95 75 0 104 99 84 116 124 83 98 116 116 112 87 110 111 99 87 108 95
0 0 94 0 118 113 103 91 85 91 98 92 78 124 94 93 101 100 114 101
