0 0 0 114 102 110 115 114 114 93 115 87 110 78 77 83 122 109 86 97
82 0 0 98 118 123 108 107 116 123 78 87 98 87 103 114 109 98 109 78
0 0 78 82 79 77 100 80 106 79 94 83 87 117 105 120 83 92 108 101
81 113 0 0 75 100 91 116 91 87 94 114 94 96 81 78 88 96 124 91
106 0 0 0 86 97 104 102 83 108 88 117 122 98 88 102 78 87 97 100
0 97 90 94 94 79 92 92 79 97 84 82 114 118 93 95 78 110 123 119
0 104 100 93 78 107 124 113 78 98 111 104 84 116 104 80 110 108 76 123
0 0 0 0 96 118 92 103 100 89 89 117 111 100 99 108 93 99 118 109
119 0 0 0 115 120 102 120 85 107 114 92 92 102 110 108 81 102 102 104
0 0 110 81 85 93 119 88 122 77 113 101 99 113 116 83 100 96 120 76
