87 108 88 0 86 82 124 95 122 109 84 120 112 95 81 83 103 75 84 76
122 76 0 109 96 109 75 90 93 104 92 117 81 118 75 110 90 99 94 93
0 0 0 0 91 99 105 91 122 105 83 95 105 107 120 98 106 101 99 113
117 0 0 0 108 103 86 84 96 95 119 96 83 103 75 109 106 114 84 119
0 95 0 0 110 122 90 89 90 83 95 86 120 91 83 90 113 93 124 109
84 0 97 92 123 95 109 121 102 77 102 107 96 76 123 82 121 79 111 77
0 0 110 108 98 109 79 100 89 108 98 102 80 106 116 84 94 86 106 81
82 98 0 102 115 111 111 93 81 87 102 103 121 86 112 109 108 104 98 92
94 91 0 0 121 93 91 108 83 101 94 102 81 109 95 79 91 80 97 113
112 0 120 101 102 77 91 97 122 103 105 115 88 109 76 97 92 113 97 82
