0 109 0 0 108 108 112 89 86 116 122 97 112 92 76 86 80 102 119 81
84 113 114 0 77 89 84 102 111 83 123 119 103 95 105 119 120 111 89 102
82 101 110 109 86 88 102 99 75 88 80 100 101 109 79 113 78 97 105 121
80 0 95 107 75 75 87 78 98 82 122 82 104 108 98 107 79 121 110 96
96 109 0 94 121 103 116 109 106 96 87 79 91 75 117 86 117 86 90 95
89 104 87 0 75 82 95 82 92 120 91 80 99 98 79 104 122 98 123 104
0 101 89 82 103 79 77 83 111 91 111 118 113 100 108 79 92 96 102 81
0 0 101 98 79 82 106 111 118 82 80 120 101 118 119 86 92 120 113 95
0 79 93 0 113 76 80 100 92 76 110 121 77 93 123 98 84 86 106 77
95 0 100 0 97 121 96 115 97 113 118 89 118 105 101 103 76 102 81 82
