0 122 88 95 99 86 78 124 95 101 102 104 88 105 97 99 77 101 79 102
0 119 0 0 124 101 109 110 110 108 76 103 111 79 75 79 121 113 101 107
95 114 96 84 91 123 80 119 86 83 75 89 103 100 87 122 105 83 81 99
115 0 79 0 76 89 121 80 106 101 114 118 107 123 92 92 92 113 95 115
0 0 114 121 86 124 83 77 90 94 89 86 116 102 107 89 118 111 123 112
0 0 98 0 82 114 76 88 84 109 116 93 85 90 123 107 106 111 115 124
0 117 0 98 115 95 108 80 92 92 76 120 106 85 102 120 92 101 84 117
114 96 0 0 79 91 93 83 84 89 95 116 101 98 112 82 88 123 103 91
0 100 88 118 98 116 103 82 100 77 122 108 83 109 94 105 76 93 100 102
100 75 89 102 113 100 113 89 81 111 109 100 103 88 78 121 109 85 124 79
