0 0 116 116 99 82 104 96 107 90 104 115 111 77 88 87 117 83 75 106
0 106 86 0 87 78 112 119 111 109 98 111 121 77 118 118 84 87 96 93
0 101 0 89 92 77 107 107 110 75 84 120 83 122 92 100 83 124 86 110
0 89 75 82 104 103 77 119 92 88 81 80 98 111 89 115 95 80 107 110
0 0 0 87 107 114 116 123 82 106 82 88 82 96 110 105 106 115 98 104
0 102 107 86 78 122 82 87 91 75 108 104 114 90 86 114 123 97 86 117
110 0 88 79 80 94 86 108 102 91 92 118 77 106 102 112 100 115 87 89
0 0 85 96 123 123 122 97 81 114 91 117 89 111 76 87 105 82 98 90
76 0 116 101 91 98 87 119 102 96 112 84 91 116 101 92 124 114 92 88
84 88 107 0 104 88 118 100 119 96 106 86 92 79 109 111 93 78 122 121
