75 114 0 0 84 124 122 110 102 105 76 94 116 102 99 94 113 112 106 107
112 0 0 124 123 91 93 100 111 121 124 117 102 101 98 104 121 90 113 100
0 76 0 87 103 98 123 96 90 98 87 90 88 88 96 88 117 85 122 96
86 0 107 0 119 105 76 75 118 78 79 96 78 110 118 111 84 102 122 77
0 111 0 0 107 114 120 117 78 121 88 109 121 97 78 103 94 81 81 81
110 0 0 0 122 88 110 105 94 103 108 97 101 106 93 111 91 78 107 88
112 0 0 122 116 108 82 97 93 79 94 91 98 75 96 85 80 87 93 95
89 124 119 0 97 86 102 94 86 89 77 108 106 122 80 114 110 121 106 116
108 0 0 0 118 113 107 87 77 124 94 110 98 76 122 98 117 117 86 101
77 0 86 106 115 85 97 100 83 115 110 95 121 81 83 82 93 106 80 84
