178 130 0 0 83 199 63 19 13 68 16 168 57 149 59 62 14 126 169 167
12 130 80 0 71 138 47 181 157 5 165 48 149 185 192 51 26 185 144 166
0 133 0 0 162 167 111 19 144 123 162 22 108 0 126 147 24 74 125 56
0 60 0 135 157 183 183 156 12 28 153 100 175 8 151 151 109 16 4 92
0 0 123 102 51 53 172 82 86 143 25 149 148 47 84 123 185 143 186 1
45 0 0 0 23 46 174 179 166 133 4 169 3 8 128 142 199 36 186 18
0 0 0 38 83 1 165 169 166 156 198 10 110 25 70 158 2 147 125 92
0 0 79 0 42 186 100 86 169 58 49 192 170 76 123 4 120 81 190 141
192 0 179 0 33 12 111 102 183 79 9 165 11 192 152 34 37 137 6 88
158 0 95 0 17 178 59 13 40 110 9 65 191 181 109 168 121 144 114 124
