107 30 114 0 169 20 14 104 163 177 132 149 94 27 80 178 98 121 61 190
0 109 0 142 109 126 171 76 86 26 94 140 162 57 157 93 180 35 144 12
0 128 0 0 29 113 13 41 47 125 30 49 185 91 166 172 49 96 43 44
163 0 187 0 59 70 197 173 134 52 70 141 97 190 32 147 48 15 178 156
101 0 0 0 90 139 162 179 114 174 117 132 148 160 145 16 40 70 189 59
0 22 172 0 158 37 114 183 119 90 113 68 87 148 108 91 8 46 107 184
0 0 0 113 93 78 10 62 95 92 146 82 63 117 110 160 89 51 169 81
140 0 0 166 129 88 2 101 130 124 51 139 27 129 93 195 16 87 27 62
0 0 0 0 112 199 123 192 98 95 11 148 187 34 184 167 124 18 191 63
156 100 0 136 44 34 55 1 166 190 9 74 188 31 10 155 137 149 3 17
