0 0 0 92 164 8 147 22 110 6 108 6 0 82 157 162 76 98 108 55
123 114 0 0 76 54 160 3 150 98 36 83 170 68 198 3 188 157 170 178
84 135 41 123 88 52 79 15 196 78 105 1 135 60 7 104 159 27 120 76
136 83 129 60 114 21 133 64 157 94 51 188 61 46 55 137 165 86 82 186
118 0 0 0 164 56 135 46 87 31 21 21 156 132 69 75 15 27 153 49
128 0 0 186 49 140 43 99 3 178 63 14 106 114 81 85 151 18 26 100
0 193 0 132 63 69 46 132 163 103 189 88 13 133 127 0 87 63 105 108
0 0 102 30 134 26 83 80 71 125 70 156 178 178 188 163 150 7 140 38
37 149 0 87 162 139 44 149 62 114 66 101 63 180 78 97 170 78 81 121
0 133 67 0 186 126 36 114 139 194 73 84 42 52 118 111 104 163 194 120
