60 0 0 0 107 39 0 145 42 124 78 148 139 185 41 25 84 20 127 24
0 0 148 0 175 41 63 107 27 185 193 108 62 96 62 108 135 56 149 124
0 106 60 0 156 97 175 0 183 187 75 81 25 42 198 166 8 150 62 65
0 0 146 5 145 163 197 100 163 34 61 135 193 29 128 97 37 120 57 56
0 0 62 0 29 66 166 145 123 104 8 31 30 192 118 90 148 29 176 150
57 0 0 140 184 168 35 145 151 61 91 174 136 193 85 168 78 77 57 119
0 0 54 0 154 132 62 12 110 84 32 78 71 122 81 144 115 159 120 125
0 44 0 108 62 162 53 78 68 114 107 123 172 122 10 133 51 93 141 97
0 64 23 1 18 101 162 122 47 197 95 190 109 51 152 50 139 19 174 194
72 180 0 0 145 138 10 83 173 26 121 120 109 91 139 97 102 17 96 33
