0 0 46 63 128 144 67 55 11 150 192 69 63 132 180 66 174 186 177 18
8 0 151 0 15 196 141 129 190 101 135 101 195 43 34 170 43 48 117 167
146 0 0 0 133 98 168 13 139 24 3 38 107 65 150 138 47 98 12 151
0 0 172 105 192 65 69 112 41 191 102 72 25 3 119 86 95 103 192 81
0 0 189 78 159 153 117 92 98 26 129 49 146 25 29 36 98 125 149 111
175 0 0 41 29 53 19 164 172 124 143 154 174 127 78 69 21 115 74 198
109 140 167 156 83 171 42 11 108 49 119 3 164 68 166 54 193 94 89 154
0 131 148 88 194 63 72 140 105 163 82 61 90 122 25 100 67 57 133 165
58 0 161 13 138 98 20 63 64 51 159 141 168 58 9 67 124 34 163 47
95 0 0 118 106 164 80 31 97 83 157 20 144 127 25 13 76 88 99 47
