95 2 0 0 125 160 138 170 12 127 121 54 92 199 174 158 139 182 134 65
0 40 122 160 14 119 150 70 195 29 120 155 125 126 59 104 197 141 67 8
143 23 3 0 46 149 194 8 160 121 46 168 198 100 142 185 140 14 160 58
0 173 99 157 143 125 36 24 115 0 180 57 149 104 50 35 193 125 182 76
0 0 118 63 173 73 164 71 28 95 170 81 33 124 134 119 10 155 196 94
0 0 0 0 79 160 170 168 108 119 82 132 177 199 90 137 110 16 13 145
0 0 0 0 135 130 7 91 137 42 178 17 77 161 186 56 116 127 5 193
0 0 189 36 51 116 161 142 45 161 61 116 193 92 49 111 6 155 108 71
82 0 0 0 91 157 23 194 35 99 28 79 184 97 198 102 66 101 154 40
0 0 13 0 40 94 29 104 7 140 18 64 63 147 40 129 141 89 131 106
