143 149 0 44 172 60 148 142 163 191 81 190 171 177 168 2 118 152 128 148
0 159 193 0 37 40 18 141 195 149 75 52 35 133 6 69 12 19 48 69
145 0 0 38 32 100 197 10 150 85 101 190 26 99 74 157 86 167 128 66
0 0 0 16 52 185 116 101 158 46 95 172 38 44 152 47 161 150 70 45
0 10 56 0 28 170 160 64 44 135 158 118 194 122 182 101 40 168 120 170
109 0 0 0 93 142 11 23 181 127 56 157 124 75 60 130 29 199 134 132
13 141 0 87 58 8 61 158 196 89 54 78 125 192 191 154 17 130 138 47
0 0 127 0 154 82 69 60 119 133 17 149 59 95 111 172 37 20 152 91
25 0 0 0 122 175 24 77 86 66 15 133 115 183 76 86 70 47 199 72
29 72 0 0 13 44 26 80 80 196 132 11 99 189 86 85 46 101 153 15
