0 0 0 0 71 108 161 134 181 135 172 6 120 176 21 159 9 199 123 156
0 51 70 0 18 29 42 63 140 58 93 59 41 24 169 178 160 130 132 131
105 147 139 0 74 60 143 73 10 35 122 97 47 20 139 182 192 120 97 48
0 0 0 115 44 98 11 34 107 85 174 197 113 103 95 67 58 183 146 103
0 88 100 0 104 195 88 154 98 153 37 56 198 185 78 1 7 3 172 132
0 106 0 33 180 139 188 140 37 98 119 57 136 139 116 103 115 42 146 151
0 0 0 0 6 100 67 15 82 190 115 35 66 179 54 151 168 24 116 37
114 0 145 0 84 105 158 35 120 113 39 95 172 138 52 156 57 164 37 187
113 0 81 0 6 127 166 76 137 193 72 11 149 16 23 25 81 86 54 96
65 175 154 103 102 112 30 101 158 113 42 149 126 62 66 79 129 139 190 125
