0 0 0 52 130 191 169 186 177 183 137 27 154 17 136 14 83 15 39 116
53 154 0 104 193 107 174 137 58 25 52 181 6 188 105 162 7 135 129 139
87 0 180 0 188 61 187 161 18 176 82 147 177 75 158 156 119 5 155 88
0 0 0 80 187 56 24 153 183 137 179 150 122 106 78 145 189 13 187 140
142 0 13 0 114 191 39 137 45 130 66 120 142 19 41 28 141 37 163 114
0 0 0 122 24 139 19 0 192 190 53 34 62 113 64 176 159 99 192 170
2 0 0 0 89 133 160 72 50 66 119 104 109 51 13 113 114 11 132 80
0 134 0 0 67 88 106 195 164 72 182 64 38 57 97 2 135 121 189 167
0 0 0 72 98 186 182 133 45 199 4 0 14 77 15 62 87 167 46 115
0 31 0 0 38 61 9 69 144 56 158 27 135 112 58 153 62 107 56 178
