0 0 0 97 121 183 71 72 132 33 160 134 16 69 109 140 86 13 90 143
7 65 135 61 73 46 82 77 70 102 157 18 155 189 56 53 51 52 82 152
6 0 0 0 93 4 115 184 91 60 59 0 112 20 14 166 157 0 73 162
0 0 0 0 160 8 12 32 76 198 76 33 48 102 182 30 9 126 188 50
0 0 1 119 83 10 114 15 31 143 85 0 150 182 70 135 73 89 181 185
117 0 0 163 155 183 110 199 112 198 199 101 187 129 23 72 116 47 87 169
137 0 0 104 33 114 155 156 137 118 151 151 101 45 108 78 90 111 120 42
0 37 103 148 29 156 21 161 116 160 142 70 155 102 189 190 25 189 108 79
133 0 0 0 82 101 163 16 5 95 43 150 92 155 125 155 74 100 188 57
0 126 0 185 181 188 109 88 159 123 96 98 43 86 69 24 176 135 26 146
