0 0 0 0 126 8 24 93 111 143 73 180 33 126 134 2 25 55 7 3
91 149 0 139 196 15 54 66 130 0 114 152 8 187 5 2 99 147 26 127
0 0 78 0 133 16 110 93 186 22 74 186 149 81 124 198 113 114 87 68
143 160 87 0 162 161 114 120 44 131 51 182 150 41 35 65 179 123 44 16
0 0 0 153 192 137 6 156 165 121 152 2 0 135 81 107 33 123 107 187
0 0 0 0 38 143 177 60 111 182 176 47 175 173 128 195 53 152 193 81
0 24 0 0 88 159 118 189 174 92 26 61 166 142 97 174 20 11 58 142
83 171 0 0 139 98 17 95 25 41 33 140 93 78 74 189 46 127 101 174
0 0 0 45 103 49 117 8 140 50 160 22 170 166 178 133 89 1 28 94
0 4 188 132 124 158 86 31 145 132 178 78 34 124 23 114 77 149 10 109
