0 0 0 77 89 196 10 177 116 71 131 84 123 178 147 197 159 115 36 186
137 185 0 0 169 108 110 69 179 141 194 52 85 172 115 138 6 181 178 0
0 88 44 28 61 119 108 52 116 37 86 180 41 111 126 78 145 33 51 6
29 0 172 0 194 49 68 93 93 70 11 121 111 18 32 190 138 40 167 31
41 0 152 156 117 196 164 39 43 43 24 18 36 173 142 159 170 142 60 132
187 0 0 0 89 37 192 33 161 135 42 93 82 189 90 152 99 25 3 48
0 0 0 0 111 47 123 50 91 154 34 152 128 43 34 142 69 183 79 199
126 185 146 0 42 149 37 2 194 32 23 37 84 141 125 136 139 175 4 55
0 0 162 0 21 199 194 154 80 136 35 178 105 184 178 181 144 189 34 140
0 0 199 0 143 74 134 28 87 58 1 43 45 55 38 75 50 26 163 68
