163 0 29 0 156 68 150 148 11 19 49 41 89 161 186 87 80 78 76 0
0 0 0 37 124 191 36 84 170 44 25 184 179 97 114 96 39 124 180 145
6 160 0 53 107 41 92 55 34 92 109 41 12 124 129 174 35 93 118 194
0 147 4 188 158 11 178 199 24 106 173 63 34 57 155 140 56 179 198 81
0 0 0 148 62 91 88 194 41 92 133 8 90 108 84 61 17 89 104 87
0 133 32 0 188 4 47 173 25 108 28 81 190 82 195 112 196 44 184 170
172 0 0 0 75 137 25 94 179 107 171 174 63 36 39 69 125 194 31 83
93 84 0 124 97 117 125 121 159 72 87 48 56 2 75 136 16 69 6 80
119 0 0 186 74 119 59 57 132 194 99 183 164 82 58 128 53 122 155 16
0 0 14 191 77 172 14 133 129 129 88 175 198 34 184 80 174 48 194 192
