0 62 188 0 68 105 133 21 69 153 163 40 125 36 27 62 125 14 113 190
0 0 37 0 3 196 163 141 126 93 192 100 139 73 107 17 42 55 76 167
0 155 110 66 103 189 193 183 173 163 37 189 25 74 149 144 15 199 169 93
0 83 0 81 140 166 141 52 5 102 77 192 110 61 114 35 111 4 56 162
46 188 154 46 198 95 24 37 30 134 90 33 176 10 7 127 72 25 71 189
6 112 0 0 36 80 86 153 135 175 20 61 144 110 185 180 65 115 78 120
18 5 29 166 28 120 59 102 67 155 40 67 167 114 157 38 46 2 199 146
0 84 0 0 40 161 102 15 53 136 63 16 139 99 69 179 89 54 105 199
159 18 194 0 189 86 33 22 16 86 11 189 105 190 104 38 72 100 186 98
192 173 0 76 77 63 131 194 16 147 98 99 38 100 154 86 25 60 30 145
