26 157 0 134 189 3 74 153 47 136 191 44 164 18 81 143 56 151 54 128
169 0 150 121 100 11 105 29 183 73 180 74 36 144 196 21 151 117 102 13
0 93 154 0 130 35 122 123 182 182 55 6 83 33 164 148 129 111 68 15
0 35 0 0 165 110 181 19 25 154 176 179 130 112 134 27 72 129 9 174
0 110 0 162 133 86 181 186 84 79 74 129 194 120 5 151 28 76 42 20
197 0 154 50 92 49 34 50 29 80 86 67 191 120 20 185 126 51 171 11
0 145 0 88 105 49 149 6 147 41 117 99 193 158 75 183 39 135 162 91
130 51 0 30 186 52 106 180 145 146 93 43 26 167 28 119 83 79 8 192
0 20 0 119 37 65 68 138 190 32 135 14 10 32 6 179 105 27 128 78
0 0 0 178 23 120 175 106 156 196 43 89 18 140 182 91 57 163 32 185
