0 158 0 0 169 90 106 91 21 146 174 170 92 89 66 21 74 25 63 104
0 0 158 0 158 33 148 13 110 26 139 184 13 122 73 175 30 189 57 72
123 0 0 157 0 19 17 195 11 59 157 37 83 103 7 170 124 11 174 13
0 0 0 0 11 18 192 157 136 123 18 136 140 155 92 20 8 48 45 33
0 0 122 0 67 132 97 197 52 141 28 17 48 77 41 47 116 187 63 84
164 82 24 29 67 164 192 108 186 54 1 80 36 155 157 95 168 192 174 163
103 2 128 0 68 105 29 115 158 162 153 82 181 178 89 102 53 52 186 162
0 94 91 0 70 50 133 123 68 4 29 49 67 12 111 147 156 168 16 167
173 97 35 0 71 110 70 111 192 109 128 178 112 37 46 141 177 56 96 3
0 0 130 63 168 151 185 82 143 162 39 132 115 109 39 170 101 176 187 163
