0 85 0 0 75 144 167 23 41 174 141 91 199 137 189 91 94 106 182 131
174 6 0 57 19 4 1 117 127 73 135 93 178 161 142 84 32 11 75 39
0 0 0 163 151 42 53 34 126 93 85 125 184 156 59 80 81 70 44 152
63 0 155 184 54 15 101 25 37 67 158 191 71 147 93 3 157 84 1 85
52 0 119 85 89 112 81 40 179 165 125 13 113 35 174 121 156 134 12 122
142 0 86 0 3 80 83 19 50 107 102 44 185 11 59 32 176 106 58 34
0 0 180 0 152 102 152 150 153 49 23 143 68 145 151 88 195 74 40 86
127 98 144 0 7 159 112 48 192 90 172 189 84 97 93 191 55 113 116 162
0 0 43 189 101 105 172 64 4 55 140 64 152 46 179 90 65 67 81 44
0 46 79 66 91 82 2 149 184 152 81 69 106 146 189 158 89 14 170 150
