0 0 60 0 161 132 32 83 8 124 120 157 82 30 162 39 115 173 155 150
0 0 0 0 11 13 64 169 106 169 34 22 167 32 185 171 85 33 53 194
125 0 47 108 59 184 97 3 105 1 1 156 101 118 5 190 0 96 154 44
128 0 53 124 51 95 156 53 186 137 104 55 1 157 37 159 163 31 164 5
0 110 0 0 172 43 130 87 29 137 159 61 146 78 182 49 96 67 146 34
142 196 17 0 82 44 143 4 79 129 191 66 187 52 60 104 103 88 170 153
0 52 119 0 62 79 7 168 173 77 158 17 136 25 98 126 42 176 41 134
114 137 0 41 56 31 71 85 155 54 30 3 39 81 194 114 178 106 169 187
0 84 170 133 174 192 121 9 58 151 196 65 15 17 129 78 1 164 158 119
196 0 161 156 57 177 32 16 81 137 4 158 140 94 51 73 69 107 97 54
