190 30 0 55 123 109 31 103 148 89 34 117 146 195 165 54 123 131 184 199
149 33 13 0 8 191 113 1 8 155 137 100 161 126 24 72 37 129 156 127
190 0 0 37 123 134 137 131 36 189 45 72 193 34 6 111 94 24 172 109
31 181 113 0 0 105 8 111 138 170 139 144 151 57 16 70 184 173 80 144
57 0 77 0 178 168 119 129 34 17 160 53 83 29 45 47 103 132 145 71
0 0 0 73 179 35 178 74 168 28 36 138 19 63 121 157 191 126 95 10
43 0 0 0 149 47 189 134 16 13 116 77 90 115 64 39 172 3 37 129
119 0 0 174 76 166 1 84 37 25 106 187 124 63 170 56 115 174 5 17
71 0 0 36 100 91 187 152 76 32 15 146 109 17 159 186 140 129 95 131
0 47 174 0 174 52 18 108 84 169 192 98 166 131 100 112 106 101 75 165
