0 0 0 72 181 106 15 175 165 142 41 29 53 19 164 172 124 143 154 174
0 0 0 14 82 8 101 109 140 167 156 83 171 42 11 108 49 119 3 164
55 0 0 49 94 148 18 87 131 148 88 194 63 72 140 105 163 82 61 90
162 12 0 0 198 144 49 58 170 161 13 138 98 20 63 64 51 159 141 168
195 11 0 0 180 80 134 95 149 177 118 106 164 80 31 97 83 157 20 144
0 153 34 34 6 55 93 198 46 63 128 144 67 55 11 150 192 69 63 132
92 0 0 53 183 131 8 171 151 150 15 196 141 129 190 101 135 101 195 43
39 19 25 0 154 22 146 157 18 55 133 98 168 13 139 24 3 38 107 65
0 0 55 163 68 46 132 78 172 105 192 65 69 112 41 191 102 72 25 3
128 0 0 0 19 78 28 155 189 78 159 153 117 92 98 26 129 49 146 25
