0 64 0 174 182 163 169 52 178 127 91 97 84 79 59 55 28 17 130 60
0 0 0 129 114 9 56 150 43 48 115 172 90 21 46 12 69 171 141 158
166 0 0 0 61 135 169 160 25 29 150 21 162 138 146 169 121 181 196 124
162 0 0 0 116 56 26 51 162 147 159 132 116 163 183 24 51 14 21 197
44 58 0 0 84 122 181 5 64 142 146 134 119 162 12 73 94 28 50 52
48 50 24 35 188 162 164 174 64 176 9 51 183 65 95 180 59 36 112 31
94 0 84 0 103 175 41 109 11 1 158 196 114 71 13 46 147 163 164 115
0 0 48 91 154 44 115 194 87 84 188 18 154 7 160 23 72 173 159 151
44 1 157 0 74 52 67 144 174 50 47 136 94 107 166 120 97 31 142 66
0 50 0 9 54 116 101 138 6 171 168 183 161 121 109 55 191 183 187 128
