144 18 0 183 85 152 120 169 84 90 93 180 186 2 73 55 157 111 140 163
0 161 122 54 175 58 5 112 108 188 166 176 198 30 121 128 93 173 193 133
0 119 0 50 29 3 28 148 158 157 112 16 197 164 121 12 30 17 8 102
0 0 0 14 57 97 121 174 157 148 74 79 91 25 154 109 82 0 103 64
56 199 0 30 81 98 7 44 181 139 162 87 124 124 41 87 180 46 88 117
0 112 0 0 125 15 39 58 116 51 136 186 101 51 89 60 78 78 16 68
0 25 90 0 180 51 164 156 177 167 134 165 21 75 118 103 74 12 131 196
0 0 50 40 52 170 152 130 105 51 116 15 65 154 76 25 125 86 175 70
0 0 122 131 60 73 107 44 47 56 32 146 5 179 135 177 27 161 180 110
0 178 0 158 91 28 46 87 94 73 122 70 42 130 66 143 26 42 75 178
