0 141 78 12 152 56 61 136 107 113 68 38 176 85 85 178 147 197 30 142
0 0 66 79 198 185 36 31 114 30 30 114 26 23 118 59 97 111 59 118
40 0 75 123 149 109 68 166 126 128 171 86 36 195 13 21 129 128 86 179
0 93 15 83 34 114 43 32 135 30 71 113 178 64 89 194 80 71 140 100
182 183 24 0 186 104 50 145 96 20 102 177 53 22 168 71 169 128 25 7
0 0 0 16 112 118 110 110 112 50 129 24 184 153 158 34 31 69 94 190
0 111 0 0 121 66 154 17 96 119 140 118 134 40 106 176 12 121 92 182
0 108 160 59 123 7 124 77 87 0 103 33 149 93 193 58 196 47 199 174
0 0 100 178 73 47 121 66 53 3 19 112 19 143 170 125 167 175 3 192
0 0 43 0 73 14 135 183 66 16 35 112 193 193 82 161 41 136 29 150
