0 0 0 109 195 63 5 38 122 54 92 66 181 102 0 94 61 75 23 66
0 160 0 20 170 28 72 122 45 155 183 138 25 7 22 179 15 64 138 182
0 65 39 104 72 198 144 122 153 158 17 166 190 179 132 78 137 26 146 6
0 0 0 189 119 32 53 156 38 110 27 170 20 120 126 83 14 176 167 167
0 0 5 0 11 7 38 44 178 117 8 194 95 116 101 172 158 128 21 64
131 138 0 0 174 153 146 193 39 15 6 88 136 36 108 120 143 184 173 129
0 0 0 14 58 178 62 62 96 15 159 26 38 41 37 67 95 47 162 137
0 0 73 0 142 30 173 121 180 149 17 97 103 120 13 169 50 1 188 182
137 158 0 0 58 146 193 109 66 83 10 94 24 95 142 125 188 183 123 74
0 22 197 0 180 128 161 190 41 35 101 89 167 19 60 17 179 0 162 36
