158 65 0 0 117 114 81 45 122 128 14 170 181 158 34 97 65 185 117 123
0 7 0 0 37 23 72 84 122 80 96 185 160 27 5 151 152 62 149 101
0 59 7 135 144 186 184 52 155 79 196 40 124 77 126 3 50 188 135 127
170 85 0 0 61 12 73 80 141 35 60 49 81 181 41 181 56 71 29 45
0 140 0 58 180 76 121 165 109 13 90 131 110 112 104 171 83 79 160 13
167 29 0 36 43 110 19 111 38 160 152 77 0 59 199 81 151 0 11 72
99 0 0 93 105 30 104 69 111 161 56 36 71 111 116 161 7 109 168 77
187 0 0 0 193 57 194 145 68 186 96 38 191 79 140 177 110 195 18 81
0 0 0 123 69 72 186 183 38 111 20 103 116 97 199 164 140 57 51 69
77 0 0 80 133 76 172 16 123 118 100 26 4 44 144 72 39 79 143 171
