0 0 34 0 108 54 24 176 132 94 63 112 40 163 98 163 50 164 164 128
0 0 160 0 150 166 72 63 162 167 96 110 8 183 157 181 183 98 7 2
68 0 167 1 111 25 177 53 0 14 158 63 88 86 125 74 149 3 109 147
0 0 0 131 185 105 127 151 188 129 149 154 8 196 111 45 148 187 136 192
0 155 172 111 186 145 171 150 29 178 32 77 86 137 67 114 93 193 26 152
0 43 153 29 135 111 91 95 65 113 78 163 1 78 38 22 2 159 40 94
0 191 0 0 144 22 113 92 123 185 134 22 60 103 121 173 12 127 1 171
0 62 0 0 80 99 138 93 91 71 54 105 152 179 121 151 54 7 44 37
45 0 0 0 58 141 114 19 174 96 17 182 90 8 157 132 19 84 51 35
194 0 0 0 141 30 187 18 73 197 12 111 57 104 57 189 23 199 107 73
