24 0 101 14 4 127 147 9 7 5 54 55 57 136 132 119 129 4 58 87
0 0 0 106 37 163 86 133 86 146 79 99 36 193 150 129 61 168 131 146
0 61 0 51 179 38 165 44 7 159 149 45 95 40 36 15 98 86 194 53
132 158 179 112 51 5 63 167 95 179 124 28 1 188 188 23 184 7 184 117
0 122 171 153 62 89 37 117 57 190 163 160 90 75 111 5 179 101 58 166
0 81 195 104 115 42 54 192 30 103 167 26 86 98 198 17 199 86 166 37
0 31 91 0 67 183 188 176 69 38 94 149 98 79 157 60 51 14 191 173
0 178 135 157 11 24 143 126 105 159 66 187 90 95 79 4 16 39 104 20
0 102 63 0 157 174 176 70 57 128 84 12 60 32 55 80 33 105 135 17
0 0 64 0 165 136 96 39 53 112 71 68 87 76 36 5 51 24 164 127
