0 0 142 0 136 26 59 89 128 180 160 116 22 149 83 22 96 67 62 182
0 0 0 0 82 75 153 71 80 149 118 57 198 159 137 118 8 58 182 18
97 0 0 0 129 181 105 120 76 72 149 70 93 153 132 51 133 148 39 47
72 13 65 179 189 32 28 129 117 75 131 76 126 46 95 20 51 86 166 115
0 0 24 27 173 28 79 103 174 170 103 89 193 28 129 58 110 164 165 5
0 0 0 117 132 82 176 100 78 172 86 15 114 154 197 166 144 156 155 166
0 0 61 196 26 194 78 174 19 168 97 24 178 190 15 191 69 124 17 70
0 0 0 196 164 50 4 8 28 133 86 8 123 89 108 7 196 17 138 140
0 0 0 106 62 143 141 143 197 170 45 26 141 65 58 7 56 66 3 42
44 59 0 115 144 134 136 110 26 40 20 84 51 122 135 175 68 43 184 0
