36 193 1 94 110 158 130 113 88 110 102 136 7 46 76 151 53 69 132 171
0 0 10 0 190 159 86 104 9 118 152 171 10 11 121 112 61 94 94 152
19 19 48 0 17 193 98 121 191 24 67 14 192 48 199 83 90 98 126 151
0 7 197 118 75 163 88 81 168 55 25 3 170 192 81 12 144 33 183 84
12 0 0 0 59 153 53 142 191 113 47 89 190 18 153 51 117 165 160 132
92 112 0 84 90 17 56 167 84 126 54 64 169 65 136 195 158 6 7 92
0 0 0 0 163 148 51 155 33 45 101 13 4 30 198 11 192 96 138 116
15 0 158 195 14 61 5 199 64 26 71 107 56 191 164 104 68 72 96 46
78 176 0 0 64 57 164 27 89 151 126 63 93 176 15 68 30 172 90 2
87 0 0 0 56 190 57 170 105 188 64 177 7 32 162 194 171 3 172 196
