108 19 90 0 176 197 121 118 104 199 98 188 19 199 167 5 5 159 58 123
0 70 0 22 30 165 177 86 126 171 24 151 60 92 124 128 195 39 197 108
184 8 0 116 58 127 166 86 114 45 110 23 182 113 27 59 24 41 153 171
0 122 0 0 78 158 184 127 176 82 184 1 64 29 131 91 80 96 163 30
98 195 193 52 102 15 61 53 12 47 184 0 13 23 75 171 21 153 153 198
0 58 55 171 178 101 185 167 55 65 30 193 105 82 25 153 125 24 114 14
0 0 186 70 11 23 68 41 16 170 195 56 57 38 191 160 98 195 177 194
0 0 0 104 28 77 89 191 4 147 6 186 51 12 22 30 103 48 120 141
0 0 78 0 67 15 75 82 76 29 71 118 190 127 97 80 29 26 31 121
0 0 0 0 109 10 141 113 177 175 131 50 187 186 133 165 4 127 182 5
