0 0 0 126 94 78 74 42 94 63 135 100 93 49 190 9 24 161 76 114
0 0 0 1 67 128 125 87 50 100 34 175 89 151 90 7 122 34 84 114
0 163 0 0 60 119 34 93 94 184 91 9 94 183 68 159 51 96 90 171
0 0 0 0 59 97 68 158 67 60 192 144 46 177 100 10 88 18 61 182
0 0 52 0 9 36 60 173 62 78 75 110 166 99 139 165 26 91 87 19
0 156 30 62 123 187 52 161 73 85 71 121 102 115 114 14 196 135 131 46
0 0 0 0 194 106 167 90 38 182 128 38 10 185 179 48 41 157 67 103
0 184 130 0 43 178 52 87 180 162 169 120 94 157 128 163 173 152 183 150
0 76 195 0 97 79 154 1 43 125 168 114 29 71 60 58 183 59 100 153
101 35 199 28 146 104 182 51 8 67 156 24 166 114 99 25 5 111 175 113
