0 85 0 0 79 37 16 7 31 112 159 29 107 147 135 115 128 52 115 174
79 62 0 0 108 86 175 168 75 95 21 49 176 52 81 168 138 127 48 80
153 31 79 186 104 138 21 59 132 179 30 28 164 4 29 160 195 27 26 34
0 25 0 0 156 110 8 194 58 173 187 127 181 154 167 15 135 6 122 3
12 0 0 114 177 166 56 136 59 108 161 48 164 10 55 92 82 190 34 111
79 0 0 58 105 190 64 89 28 194 181 131 147 105 176 167 35 187 184 175
0 130 0 185 145 98 82 67 41 58 82 86 174 84 72 25 191 4 106 131
0 163 0 0 109 110 72 1 191 88 93 190 154 73 173 100 135 120 99 8
0 0 0 160 13 70 78 4 74 161 194 197 141 174 115 121 8 23 45 164
0 0 0 123 59 57 90 12 176 28 70 161 17 7 29 116 131 131 31 30
