183 60 199 0 124 58 37 126 115 115 33 6 94 102 94 30 197 192 92 13
190 79 154 107 21 126 133 106 4 125 89 81 184 156 128 98 16 120 150 84
0 97 0 0 199 173 194 40 164 22 188 186 3 191 96 67 115 121 132 145
160 0 0 0 101 102 169 45 60 90 170 117 35 178 66 31 91 63 102 62
150 27 7 0 63 63 173 106 34 97 21 145 184 45 142 185 136 170 169 184
0 0 0 0 17 112 77 174 61 156 47 116 97 34 81 133 163 170 60 52
0 55 0 0 134 42 126 163 56 129 97 51 152 193 80 146 174 53 93 129
0 0 138 20 182 13 118 88 181 38 105 134 4 158 133 101 33 47 167 41
66 0 0 124 194 101 99 59 93 63 146 78 84 117 26 161 192 197 20 79
9 0 41 101 2 32 158 190 148 34 17 124 23 159 157 129 151 62 66 60
