146 105 0 114 159 162 97 24 13 109 22 197 99 124 44 61 76 59 145 109
0 124 46 22 101 28 37 40 124 130 167 181 128 4 106 126 19 82 84 139
63 0 0 0 162 149 196 28 165 199 119 14 157 92 180 145 43 121 176 141
74 0 95 173 133 167 145 0 75 116 199 25 6 62 95 46 85 49 136 33
41 177 152 18 10 101 23 150 76 44 198 27 55 85 172 93 81 181 128 39
0 0 123 108 164 102 149 20 154 91 98 134 78 104 130 92 6 152 80 137
0 153 38 30 9 99 10 198 176 101 149 87 127 138 123 108 25 180 178 198
0 199 0 0 20 78 39 105 114 173 84 75 115 77 97 100 96 46 178 61
0 0 0 0 38 85 143 92 106 88 45 153 177 85 11 140 100 130 44 177
0 0 160 196 51 79 33 17 129 89 33 82 9 88 138 22 129 95 128 24
