0 75 0 189 177 45 53 142 117 86 184 3 80 83 19 50 107 102 44 185
0 150 0 0 184 153 47 108 177 180 175 152 102 152 150 153 49 23 143 68
0 60 0 0 187 32 199 127 98 144 183 7 159 112 48 192 90 172 189 84
66 39 114 0 147 146 72 188 105 43 189 101 105 172 64 4 55 140 64 152
12 0 79 0 102 106 1 181 46 79 66 91 82 2 149 184 152 81 69 106
73 0 0 148 159 88 64 85 84 42 75 144 167 23 41 174 141 91 199 137
0 0 0 0 8 190 174 6 45 57 19 4 1 117 127 73 135 93 178 161
0 98 70 43 58 184 177 100 138 163 151 42 53 34 126 93 85 125 184 156
119 0 0 0 71 85 63 92 155 184 54 15 101 25 37 67 158 191 71 147
195 0 120 0 69 90 52 51 119 85 89 112 81 40 179 165 125 13 113 35
