54 156 10 0 93 191 168 191 105 187 81 183 16 85 17 4 163 77 197 57
133 47 197 0 33 20 188 64 87 5 88 152 2 86 93 87 117 42 147 68
0 114 189 0 104 183 177 50 186 124 76 62 60 34 157 40 120 74 133 57
168 0 0 148 69 28 162 124 168 37 54 131 143 63 159 185 78 30 127 26
126 0 159 0 0 89 58 26 29 190 53 156 44 67 199 56 28 123 1 46
133 7 0 35 177 38 135 28 16 110 28 75 191 198 99 47 179 3 154 36
0 0 0 0 175 61 16 130 33 178 87 46 51 86 152 174 134 94 31 1
41 0 87 0 31 17 82 64 50 50 25 8 69 86 193 131 93 92 133 80
149 0 0 0 173 156 102 105 199 61 99 35 121 27 115 13 4 195 48 24
45 0 49 53 71 98 43 199 47 114 114 133 144 121 85 197 130 84 90 147
