0 18 0 0 187 153 83 143 187 183 186 94 187 106 52 65 52 13 146 179
147 0 174 0 139 38 166 76 24 102 4 97 139 16 171 186 170 171 28 40
46 58 161 0 160 177 188 141 145 186 127 131 58 197 67 40 70 23 71 93
0 0 81 59 130 28 90 109 178 152 61 90 7 141 183 41 106 156 135 151
0 0 0 0 16 141 183 38 187 41 110 109 112 197 2 84 158 44 12 130
52 39 0 114 120 122 132 12 95 107 55 22 154 124 141 93 176 197 159 185
0 57 0 0 116 14 151 125 18 17 5 113 8 198 150 179 78 78 163 140
101 0 0 129 138 62 134 176 95 197 137 21 188 164 167 190 109 155 2 77
36 0 0 30 185 49 7 127 154 123 104 177 161 111 196 98 114 165 189 71
58 0 16 0 81 132 34 80 134 2 46 185 75 179 22 15 12 143 16 16
