0 0 0 0 92 189 9 25 168 52 30 171 44 20 140 94 112 110 96 111
13 0 41 129 20 54 52 43 147 111 175 49 20 3 28 167 158 152 155 28
115 0 0 0 29 104 28 30 148 144 87 116 126 38 120 14 31 110 32 134
114 147 0 78 197 89 96 193 113 153 69 192 104 1 7 25 196 68 26 84
0 125 29 111 21 7 80 187 6 63 21 82 131 62 40 27 197 46 70 155
0 0 44 24 142 173 15 77 90 127 108 12 36 160 173 132 115 63 150 21
0 0 0 13 195 85 90 119 37 131 5 152 130 123 189 80 152 164 195 162
0 0 0 55 6 70 160 181 147 163 117 126 191 176 140 52 72 134 147 104
95 0 0 13 71 143 199 98 73 15 198 52 176 39 52 9 53 108 145 55
194 62 0 184 131 160 94 183 0 67 10 166 135 15 61 181 180 183 91 46
