115 0 65 0 161 174 26 145 194 76 121 118 43 56 69 49 49 0 148 157
0 0 189 0 68 86 135 46 22 29 165 121 21 123 33 12 157 148 55 140
3 126 51 0 66 65 109 87 77 5 99 181 133 169 178 30 21 14 119 192
0 65 189 114 182 141 84 64 25 164 100 187 140 0 79 74 45 72 159 0
12 142 173 139 6 190 144 25 68 61 8 71 75 36 100 135 82 67 79 60
197 0 137 0 166 186 61 174 148 128 98 184 56 14 58 85 41 26 36 156
176 98 0 142 58 95 83 133 0 158 66 178 175 153 195 153 31 152 126 121
88 0 0 0 4 30 107 24 192 106 60 197 55 118 150 106 10 1 166 89
161 111 0 0 96 64 167 145 52 199 167 45 17 197 59 32 186 67 165 185
20 0 192 162 90 109 17 179 172 93 177 192 1 99 31 98 127 154 163 46
