174 35 0 182 108 128 98 102 101 66 80 22 187 151 65 177 195 73 167 127
0 0 67 0 57 83 167 18 66 13 65 127 105 183 50 174 83 141 147 199
0 0 36 0 132 190 186 41 137 82 89 99 74 69 112 30 97 23 56 141
0 194 0 0 10 123 65 85 157 130 104 194 118 106 166 175 6 81 32 81
171 161 134 96 171 52 95 90 33 3 105 22 193 70 169 89 9 35 92 85
45 28 51 170 45 183 134 161 120 38 193 74 78 84 183 74 199 2 11 160
0 0 0 0 87 139 125 6 162 5 72 11 79 137 40 142 7 100 75 39
8 0 138 0 69 91 83 25 188 83 52 109 151 22 167 21 52 126 113 135
0 5 0 0 24 159 18 100 118 12 166 101 133 3 153 161 44 144 60 185
113 0 118 0 25 89 86 118 42 143 45 136 100 15 186 91 195 41 11 8
