20 107 44 186 130 137 118 119 112 113 148 38 87 144 111 122 195 169 193 113
111 135 0 0 190 118 80 36 139 38 22 1 105 82 141 165 146 136 166 141
0 0 0 198 67 124 154 123 23 182 120 67 20 171 144 193 41 74 165 24
0 0 0 82 46 195 147 144 94 53 60 156 134 128 35 21 151 89 61 187
0 12 62 64 166 42 155 172 111 153 158 51 155 19 23 76 59 132 28 10
0 108 0 64 101 183 47 63 99 165 124 137 149 52 26 25 19 158 21 152
63 79 34 0 109 32 118 187 14 155 195 93 151 135 146 81 178 78 65 147
120 0 0 84 141 118 23 61 41 118 147 181 113 73 165 16 9 45 5 167
89 0 1 0 152 154 53 60 116 184 43 98 187 89 111 185 18 85 41 12
87 0 0 0 178 63 109 8 64 21 150 76 81 142 174 70 22 55 197 121
