105 35 0 40 182 167 77 56 146 23 5 108 34 88 168 111 53 72 0 94
0 0 0 0 175 79 109 42 82 126 3 150 196 36 9 24 181 26 149 68
6 94 141 171 91 185 120 150 150 82 170 112 172 152 91 10 118 17 22 67
188 106 44 0 191 119 42 43 11 102 110 187 170 110 17 38 188 60 12 158
175 0 101 0 163 169 50 128 36 141 130 188 146 163 117 139 49 9 71 161
50 38 0 0 161 135 123 118 116 13 88 31 27 68 89 17 179 110 77 2
0 0 123 72 165 71 26 186 117 118 3 69 63 49 10 59 141 123 188 4
0 6 70 52 97 179 33 34 69 132 58 103 134 81 195 1 132 151 155 3
0 107 60 70 93 54 159 108 1 38 118 147 166 3 178 70 170 106 42 181
0 0 30 110 85 175 172 83 188 137 126 134 5 109 118 178 41 50 86 172
