0 0 50 0 176 173 69 37 27 127 115 174 5 149 48 126 5 37 50 131
0 0 35 81 74 115 185 75 11 147 176 197 89 6 133 171 194 131 40 191
0 178 158 112 85 28 103 74 25 154 2 79 47 17 102 0 14 184 191 62
95 147 155 8 109 7 173 41 51 147 93 57 11 48 161 14 28 23 85 142
0 70 65 0 59 190 81 195 74 151 88 44 41 131 18 81 43 60 35 20
0 83 0 172 36 178 48 96 148 24 186 152 147 87 198 114 7 151 167 52
199 132 165 0 78 55 176 66 56 112 58 34 33 89 122 120 50 84 5 131
180 0 0 125 105 190 133 41 128 195 155 68 97 140 188 106 34 33 175 55
98 0 21 0 189 150 114 147 196 128 124 61 29 198 118 180 155 62 114 46
0 0 93 0 49 199 126 38 16 141 17 60 148 39 35 192 146 74 14 177
