47 33 95 108 37 5 184 87 49 136 165 171 65 121 56 149 100 147 143 15
28 0 170 76 14 198 118 125 109 171 40 172 85 3 3 166 180 182 50 70
0 78 116 0 144 41 72 31 159 19 101 59 83 107 111 199 38 195 127 44
108 111 164 0 68 61 105 146 158 127 190 66 15 165 181 146 177 105 50 41
0 0 130 100 191 196 41 122 71 127 89 62 165 101 58 109 30 113 145 43
27 108 182 0 38 121 152 174 103 42 63 175 168 115 91 101 51 30 144 91
58 0 125 0 89 98 68 36 38 104 110 2 191 75 175 36 29 30 99 111
104 1 0 12 149 127 130 114 49 187 38 100 183 149 75 159 118 108 164 127
46 22 0 0 51 166 108 100 153 146 1 129 78 155 99 143 181 121 59 164
0 0 0 0 84 54 17 91 197 102 63 56 51 37 180 196 110 59 24 51
