0 0 159 173 69 29 164 18 50 4 166 14 30 78 189 118 56 75 163 79
0 0 87 0 53 40 110 74 167 96 110 174 73 47 134 72 132 15 109 29
0 0 0 33 3 175 172 45 67 93 55 26 132 97 21 107 16 126 77 180
119 0 185 194 137 7 23 115 11 188 7 154 176 111 17 49 107 157 1 128
104 0 197 169 121 22 142 27 61 137 145 7 172 82 110 89 46 16 127 147
75 0 90 0 41 73 175 193 70 40 134 187 29 17 52 42 70 14 91 48
0 0 0 0 137 197 95 18 30 112 46 166 180 86 187 88 168 139 145 188
0 0 140 166 176 137 110 162 52 54 70 7 129 116 157 101 195 35 14 196
189 46 0 0 43 172 191 125 41 82 170 94 59 90 63 193 12 70 96 171
148 0 2 150 37 119 26 71 177 160 108 56 184 120 197 0 106 65 0 168
