Objective: 2374.30   (elapsed 4133.49 s)

[INFO] Backorders allowed: False
Item 0: pattern 1, orders=[11, 0, 12, 0, 0, 12, 0, 0, 11, 0, 14, 0, 0, 10, 0, 0, 10, 0, 0, 10, 0, 0, 12, 0]
Item 1: pattern 1, orders=[8, 0, 13, 0, 11, 0, 0, 0, 7, 0, 16, 0, 0, 10, 0, 0, 10, 0, 0, 13, 0, 0, 9, 0]
Item 2: pattern 2, orders=[4, 16, 0, 0, 0, 14, 0, 0, 0, 17, 0, 0, 13, 0, 20, 0, 0, 0, 9, 0, 19, 0, 0, 0]
Item 3: pattern 1, orders=[9, 0, 16, 0, 0, 0, 9, 0, 0, 9, 0, 12, 0, 9, 0, 0, 0, 13, 0, 0, 0, 14, 0, 0]
Item 4: pattern 1, orders=[9, 0, 0, 14, 0, 0, 12, 0, 13, 0, 0, 10, 0, 0, 14, 0, 0, 14, 0, 0, 0, 0, 9, 0]
Item 5: pattern 1, orders=[6, 0, 9, 0, 5, 0, 7, 0, 9, 0, 3, 0, 8, 0, 13, 0, 11, 0, 11, 0, 11, 0, 8, 0]

=== Detailed execution report ===

Item 0
 t | dem | ord | inv+ | back
---------------------------
 0 |   7 |  11 |    4 |    0
 1 |   4 |   0 |    0 |    0
 2 |   7 |  12 |    5 |    0
 3 |   4 |   0 |    1 |    0
 4 |   1 |   0 |    0 |    0
 5 |   3 |  12 |    9 |    0
 6 |   5 |   0 |    4 |    0
 7 |   4 |   0 |    0 |    0
 8 |   4 |  11 |    7 |    0
 9 |   7 |   0 |    0 |    0
10 |   7 |  14 |    7 |    0
11 |   3 |   0 |    4 |    0
12 |   4 |   0 |    0 |    0
13 |   3 |  10 |    7 |    0
14 |   5 |   0 |    2 |    0
15 |   2 |   0 |    0 |    0
16 |   5 |  10 |    5 |    0
17 |   2 |   0 |    3 |    0
18 |   3 |   0 |    0 |    0
19 |   2 |  10 |    8 |    0
20 |   7 |   0 |    1 |    0
21 |   1 |   0 |    0 |    0
22 |   5 |  12 |    7 |    0
23 |   7 |   0 |    0 |    0

Item 1
 t | dem | ord | inv+ | back
---------------------------
 0 |   3 |   8 |    5 |    0
 1 |   5 |   0 |    0 |    0
 2 |   6 |  13 |    7 |    0
 3 |   7 |   0 |    0 |    0
 4 |   5 |  11 |    6 |    0
 5 |   2 |   0 |    4 |    0
 6 |   3 |   0 |    1 |    0
 7 |   1 |   0 |    0 |    0
 8 |   6 |   7 |    1 |    0
 9 |   1 |   0 |    0 |    0
10 |   7 |  16 |    9 |    0
11 |   6 |   0 |    3 |    0
12 |   3 |   0 |    0 |    0
13 |   4 |  10 |    6 |    0
14 |   5 |   0 |    1 |    0
15 |   1 |   0 |    0 |    0
16 |   3 |  10 |    7 |    0
17 |   4 |   0 |    3 |    0
18 |   3 |   0 |    0 |    0
19 |   5 |  13 |    8 |    0
20 |   6 |   0 |    2 |    0
21 |   2 |   0 |    0 |    0
22 |   5 |   9 |    4 |    0
23 |   4 |   0 |    0 |    0

Item 2
 t | dem | ord | inv+ | back
---------------------------
 0 |   4 |   4 |    0 |    0
 1 |   7 |  16 |    9 |    0
 2 |   5 |   0 |    4 |    0
 3 |   3 |   0 |    1 |    0
 4 |   1 |   0 |    0 |    0
 5 |   7 |  14 |    7 |    0
 6 |   5 |   0 |    2 |    0
 7 |   1 |   0 |    1 |    0
 8 |   1 |   0 |    0 |    0
 9 |   6 |  17 |   11 |    0
10 |   7 |   0 |    4 |    0
11 |   4 |   0 |    0 |    0
12 |   6 |  13 |    7 |    0
13 |   7 |   0 |    0 |    0
14 |   7 |  20 |   13 |    0
15 |   6 |   0 |    7 |    0
16 |   6 |   0 |    1 |    0
17 |   1 |   0 |    0 |    0
18 |   5 |   9 |    4 |    0
19 |   4 |   0 |    0 |    0
20 |   7 |  19 |   12 |    0
21 |   7 |   0 |    5 |    0
22 |   3 |   0 |    2 |    0
23 |   2 |   0 |    0 |    0

Item 3
 t | dem | ord | inv+ | back
---------------------------
 0 |   6 |   9 |    3 |    0
 1 |   3 |   0 |    0 |    0
 2 |   6 |  16 |   10 |    0
 3 |   7 |   0 |    3 |    0
 4 |   1 |   0 |    2 |    0
 5 |   2 |   0 |    0 |    0
 6 |   5 |   9 |    4 |    0
 7 |   2 |   0 |    2 |    0
 8 |   2 |   0 |    0 |    0
 9 |   7 |   9 |    2 |    0
10 |   2 |   0 |    0 |    0
11 |   7 |  12 |    5 |    0
12 |   5 |   0 |    0 |    0
13 |   4 |   9 |    5 |    0
14 |   1 |   0 |    4 |    0
15 |   1 |   0 |    3 |    0
16 |   3 |   0 |    0 |    0
17 |   5 |  13 |    8 |    0
18 |   4 |   0 |    4 |    0
19 |   1 |   0 |    3 |    0
20 |   3 |   0 |    0 |    0
21 |   5 |  14 |    9 |    0
22 |   3 |   0 |    6 |    0
23 |   6 |   0 |    0 |    0

Item 4
 t | dem | ord | inv+ | back
---------------------------
 0 |   1 |   9 |    8 |    0
 1 |   5 |   0 |    3 |    0
 2 |   3 |   0 |    0 |    0
 3 |   7 |  14 |    7 |    0
 4 |   5 |   0 |    2 |    0
 5 |   2 |   0 |    0 |    0
 6 |   7 |  12 |    5 |    0
 7 |   5 |   0 |    0 |    0
 8 |   5 |  13 |    8 |    0
 9 |   5 |   0 |    3 |    0
10 |   3 |   0 |    0 |    0
11 |   4 |  10 |    6 |    0
12 |   1 |   0 |    5 |    0
13 |   5 |   0 |    0 |    0
14 |   7 |  14 |    7 |    0
15 |   4 |   0 |    3 |    0
16 |   3 |   0 |    0 |    0
17 |   5 |  14 |    9 |    0
18 |   2 |   0 |    7 |    0
19 |   3 |   0 |    4 |    0
20 |   2 |   0 |    2 |    0
21 |   2 |   0 |    0 |    0
22 |   7 |   9 |    2 |    0
23 |   2 |   0 |    0 |    0

Item 5
 t | dem | ord | inv+ | back
---------------------------
 0 |   1 |   6 |    5 |    0
 1 |   5 |   0 |    0 |    0
 2 |   6 |   9 |    3 |    0
 3 |   3 |   0 |    0 |    0
 4 |   4 |   5 |    1 |    0
 5 |   1 |   0 |    0 |    0
 6 |   1 |   7 |    6 |    0
 7 |   6 |   0 |    0 |    0
 8 |   7 |   9 |    2 |    0
 9 |   2 |   0 |    0 |    0
10 |   2 |   3 |    1 |    0
11 |   1 |   0 |    0 |    0
12 |   7 |   8 |    1 |    0
13 |   1 |   0 |    0 |    0
14 |   6 |  13 |    7 |    0
15 |   7 |   0 |    0 |    0
16 |   5 |  11 |    6 |    0
17 |   6 |   0 |    0 |    0
18 |   4 |  11 |    7 |    0
19 |   7 |   0 |    0 |    0
20 |   6 |  11 |    5 |    0
21 |   5 |   0 |    0 |    0
22 |   3 |   8 |    5 |    0
23 |   5 |   0 |    0 |    0