[INFO] Backorders allowed: False
Item 0: pattern 1, orders=[11, 0, 12, 0, 0, 8, 0, 8, 0, 14, 0]
Item 1: pattern 1, orders=[10, 0, 0, 7, 0, 12, 0, 0, 0, 8, 0]
Item 2: pattern 1, orders=[15, 0, 0, 11, 0, 14, 0, 0, 10, 0, 0]
Item 3: pattern 1, orders=[8, 0, 13, 0, 0, 9, 0, 0, 12, 0, 0]
Item 4: pattern 1, orders=[8, 0, 13, 0, 0, 16, 0, 0, 0, 12, 0]
Item 5: pattern 1, orders=[2, 0, 6, 11, 0, 13, 0, 13, 0, 7, 0]
Item 6: pattern 1, orders=[16, 0, 0, 12, 0, 0, 9, 0, 14, 0, 0]
Item 7: pattern 1, orders=[11, 0, 0, 0, 9, 0, 18, 0, 0, 0, 0]

=== Detailed execution report ===

Item 0
 t | dem | ord | inv+ | back
---------------------------
 0 |   7 |  11 |    4 |    0
 1 |   4 |   0 |    0 |    0
 2 |   7 |  12 |    5 |    0
 3 |   4 |   0 |    1 |    0
 4 |   1 |   0 |    0 |    0
 5 |   3 |   8 |    5 |    0
 6 |   5 |   0 |    0 |    0
 7 |   4 |   8 |    4 |    0
 8 |   4 |   0 |    0 |    0
 9 |   7 |  14 |    7 |    0
10 |   7 |   0 |    0 |    0

Item 1
 t | dem | ord | inv+ | back
---------------------------
 0 |   3 |  10 |    7 |    0
 1 |   4 |   0 |    3 |    0
 2 |   3 |   0 |    0 |    0
 3 |   5 |   7 |    2 |    0
 4 |   2 |   0 |    0 |    0
 5 |   5 |  12 |    7 |    0
 6 |   2 |   0 |    5 |    0
 7 |   3 |   0 |    2 |    0
 8 |   2 |   0 |    0 |    0
 9 |   7 |   8 |    1 |    0
10 |   1 |   0 |    0 |    0

Item 2
 t | dem | ord | inv+ | back
---------------------------
 0 |   5 |  15 |   10 |    0
 1 |   7 |   0 |    3 |    0
 2 |   3 |   0 |    0 |    0
 3 |   5 |  11 |    6 |    0
 4 |   6 |   0 |    0 |    0
 5 |   7 |  14 |    7 |    0
 6 |   5 |   0 |    2 |    0
 7 |   2 |   0 |    0 |    0
 8 |   3 |  10 |    7 |    0
 9 |   1 |   0 |    6 |    0
10 |   6 |   0 |    0 |    0

Item 3
 t | dem | ord | inv+ | back
---------------------------
 0 |   1 |   8 |    7 |    0
 1 |   7 |   0 |    0 |    0
 2 |   6 |  13 |    7 |    0
 3 |   3 |   0 |    4 |    0
 4 |   4 |   0 |    0 |    0
 5 |   5 |   9 |    4 |    0
 6 |   1 |   0 |    3 |    0
 7 |   3 |   0 |    0 |    0
 8 |   4 |  12 |    8 |    0
 9 |   3 |   0 |    5 |    0
10 |   5 |   0 |    0 |    0

Item 4
 t | dem | ord | inv+ | back
---------------------------
 0 |   6 |   8 |    2 |    0
 1 |   2 |   0 |    0 |    0
 2 |   5 |  13 |    8 |    0
 3 |   4 |   0 |    4 |    0
 4 |   4 |   0 |    0 |    0
 5 |   7 |  16 |    9 |    0
 6 |   5 |   0 |    4 |    0
 7 |   3 |   0 |    1 |    0
 8 |   1 |   0 |    0 |    0
 9 |   7 |  12 |    5 |    0
10 |   5 |   0 |    0 |    0

Item 5
 t | dem | ord | inv+ | back
---------------------------
 0 |   1 |   2 |    1 |    0
 1 |   1 |   0 |    0 |    0
 2 |   6 |   6 |    0 |    0
 3 |   7 |  11 |    4 |    0
 4 |   4 |   0 |    0 |    0
 5 |   6 |  13 |    7 |    0
 6 |   7 |   0 |    0 |    0
 7 |   7 |  13 |    6 |    0
 8 |   6 |   0 |    0 |    0
 9 |   6 |   7 |    1 |    0
10 |   1 |   0 |    0 |    0

Item 6
 t | dem | ord | inv+ | back
---------------------------
 0 |   5 |  16 |   11 |    0
 1 |   4 |   0 |    7 |    0
 2 |   7 |   0 |    0 |    0
 3 |   7 |  12 |    5 |    0
 4 |   3 |   0 |    2 |    0
 5 |   2 |   0 |    0 |    0
 6 |   6 |   9 |    3 |    0
 7 |   3 |   0 |    0 |    0
 8 |   6 |  14 |    8 |    0
 9 |   7 |   0 |    1 |    0
10 |   1 |   0 |    0 |    0

Item 7
 t | dem | ord | inv+ | back
---------------------------
 0 |   2 |  11 |    9 |    0
 1 |   5 |   0 |    4 |    0
 2 |   2 |   0 |    2 |    0
 3 |   2 |   0 |    0 |    0
 4 |   7 |   9 |    2 |    0
 5 |   2 |   0 |    0 |    0
 6 |   7 |  18 |   11 |    0
 7 |   5 |   0 |    6 |    0
 8 |   4 |   0 |    2 |    0
 9 |   1 |   0 |    1 |    0
10 |   1 |   0 |    0 |    0
(base) egecanaktan@192 MultiItemPerishability % 