=== Perishable Lot-Sizing Branch-and-Price Run Report ===
Timestamp: 20250811_013733
Objective: 119760.00
Elapsed time (s): 9.10
Instance file: /Users/egecanaktan/github_repositories/MultiItemPerishability/last_instance.json
Instance copy: results/instance_20250811_013733.json
Backorders allowed: False
Items: 5   Periods: 80

-- Capacity (per period) --
1300, 1300, 1300, 1300, 1300, 1300, 1300, 1300, 1300, 1300, 1300, 1300, 1300, 1300, 1300, 1300, 1300, 1300, 1300, 1300, 1300, 1300, 1300, 1300, 1300, 1300, 1300, 1300, 1300, 1300, 1300, 1300, 1300, 1300, 1300, 1300, 1300, 1300, 1300, 1300, 1300, 1300, 1300, 1300, 1300, 1300, 1300, 1300, 1300, 1300, 1300, 1300, 1300, 1300, 1300, 1300, 1300, 1300, 1300, 1300, 1300, 1300, 1300, 1300, 1300, 1300, 1300, 1300, 1300, 1300, 1300, 1300, 1300, 1300, 1300, 1300, 1300, 1300, 1300, 1300

-- Item parameters (costs and shelf-life) --
Item 0: setup=127.5, c_var=2.0, h=0.4, b_var=5.0, min_shelf=1, max_shelf=50
Item 1: setup=29.0, c_var=3.0, h=0.6, b_var=5.0, min_shelf=1, max_shelf=59
Item 2: setup=50.0, c_var=1.0, h=0.3, b_var=5.0, min_shelf=3, max_shelf=70
Item 3: setup=75.0, c_var=4.0, h=0.5, b_var=5.0, min_shelf=3, max_shelf=5
Item 4: setup=100.0, c_var=2.5, h=0.4, b_var=5.0, min_shelf=3, max_shelf=5

-- Selected patterns (λ > 0) --
Item 0: pattern 1, cost=22763.30, y=[1, 0, 0, 0, 1, 1, 0, 1, 0, 1, 0, 1, 0, 1, 0, 1, 0, 1, 0, 1, 0, 1, 0, 1, 0, 1, 0, 1, 0, 1, 0, 0, 0, 0, 1, 0, 1, 0, 1, 0, 1, 0, 1, 0, 1, 0, 0, 0, 0, 1, 0, 1, 0, 0, 0, 1, 0, 1, 0, 1, 0, 0, 0, 0, 1, 0, 0, 0, 0, 0, 0, 0, 1, 0, 1, 0, 1, 0, 1, 0], q=[413, 0, 0, 0, 67, 256, 0, 182, 0, 215, 0, 206, 0, 166, 0, 109, 0, 219, 0, 224, 0, 318, 0, 193, 0, 106, 0, 206, 0, 552, 0, 0, 0, 0, 203, 0, 238, 0, 217, 0, 265, 0, 248, 0, 252, 0, 0, 0, 0, 288, 0, 516, 0, 0, 0, 284, 0, 149, 0, 518, 0, 0, 0, 0, 602, 0, 0, 0, 0, 0, 0, 0, 213, 0, 154, 0, 220, 0, 256, 0]
Item 1: pattern 1, cost=24773.40, y=[1, 1, 0, 0, 0, 0, 1, 1, 1, 1, 1, 0, 1, 0, 1, 1, 0, 1, 0, 1, 0, 1, 0, 1, 1, 1, 0, 1, 0, 1, 1, 1, 0, 1, 0, 1, 0, 1, 1, 1, 1, 1, 0, 1, 1, 0, 1, 0, 1, 1, 1, 1, 1, 1, 1, 1, 0, 1, 1, 1, 1, 0, 1, 0, 1, 1, 1, 1, 0, 1, 1, 1, 1, 0, 1, 1, 1, 1, 1, 1], q=[163, 493, 0, 0, 0, 0, 32, 163, 49, 156, 179, 0, 125, 0, 95, 40, 0, 162, 0, 98, 0, 216, 0, 123, 54, 203, 0, 180, 0, 140, 109, 185, 0, 85, 0, 76, 0, 166, 78, 90, 112, 63, 0, 129, 131, 0, 179, 0, 180, 101, 52, 67, 92, 188, 121, 190, 0, 179, 173, 53, 212, 0, 215, 0, 42, 88, 136, 96, 0, 153, 114, 171, 49, 0, 121, 175, 105, 146, 131, 80]
Item 2: pattern 3, cost=10446.80, y=[1, 1, 0, 0, 0, 1, 1, 0, 0, 0, 1, 0, 1, 1, 0, 1, 0, 1, 0, 1, 0, 1, 1, 0, 1, 0, 1, 0, 1, 0, 1, 0, 0, 0, 1, 1, 0, 1, 0, 1, 0, 1, 1, 0, 1, 0, 0, 0, 0, 1, 0, 1, 0, 1, 0, 1, 1, 0, 1, 1, 0, 1, 0, 1, 1, 0, 1, 1, 0, 1, 0, 1, 0, 0, 0, 0, 1, 0, 1, 0], q=[163, 246, 0, 0, 0, 103, 363, 0, 0, 0, 59, 0, 184, 195, 0, 309, 0, 183, 0, 80, 0, 156, 218, 0, 150, 0, 224, 0, 148, 0, 290, 0, 0, 0, 71, 146, 0, 101, 0, 302, 0, 167, 255, 0, 158, 0, 0, 0, 0, 64, 0, 242, 0, 224, 0, 94, 157, 0, 192, 336, 0, 295, 0, 183, 283, 0, 164, 208, 0, 184, 0, 380, 0, 0, 0, 0, 75, 0, 156, 0]
Item 3: pattern 1, cost=35708.50, y=[1, 0, 1, 1, 0, 1, 0, 1, 1, 0, 1, 0, 1, 0, 1, 0, 0, 0, 1, 0, 1, 0, 1, 0, 1, 1, 0, 1, 0, 1, 0, 1, 0, 0, 0, 1, 1, 0, 1, 0, 1, 1, 0, 1, 0, 1, 0, 1, 0, 1, 1, 0, 1, 0, 0, 0, 1, 1, 1, 0, 1, 0, 1, 0, 1, 1, 0, 1, 1, 0, 1, 1, 0, 1, 0, 0, 0, 0, 1, 0], q=[124, 0, 150, 242, 0, 161, 0, 92, 47, 0, 188, 0, 251, 0, 450, 0, 0, 0, 230, 0, 120, 0, 176, 0, 56, 198, 0, 78, 0, 215, 0, 299, 0, 0, 0, 153, 163, 0, 249, 0, 164, 284, 0, 261, 0, 257, 0, 256, 0, 163, 224, 0, 356, 0, 0, 0, 88, 181, 274, 0, 93, 0, 173, 0, 66, 195, 0, 98, 226, 0, 184, 302, 0, 200, 0, 0, 0, 0, 92, 0]
Item 4: pattern 3, cost=26068.00, y=[1, 0, 0, 0, 1, 0, 0, 1, 0, 0, 1, 0, 1, 0, 0, 1, 0, 1, 0, 0, 0, 1, 0, 1, 0, 1, 0, 1, 0, 1, 0, 1, 0, 0, 1, 0, 1, 0, 0, 1, 0, 0, 1, 0, 0, 1, 0, 1, 0, 1, 0, 0, 1, 0, 0, 0, 1, 0, 1, 0, 1, 0, 0, 1, 0, 1, 0, 1, 0, 1, 0, 1, 0, 0, 1, 0, 1, 0, 0, 1], q=[254, 0, 0, 0, 347, 0, 0, 272, 0, 0, 321, 0, 306, 0, 0, 298, 0, 371, 0, 0, 0, 337, 0, 278, 0, 249, 0, 199, 0, 358, 0, 269, 0, 0, 176, 0, 398, 0, 0, 192, 0, 0, 311, 0, 0, 243, 0, 209, 0, 194, 0, 0, 209, 0, 0, 0, 305, 0, 293, 0, 139, 0, 0, 360, 0, 329, 0, 314, 0, 238, 0, 147, 0, 0, 255, 0, 158, 0, 0, 107]

-- Branch-and-Price Tree (nodes) --
{"id": 0, "parent": null, "fix": null, "obj": 119760.0, "incumbent": Infinity, "status": "branching"}

=== Console Output Log ===
[ADD] item 0 pattern#0 cost=26310.00
[ADD] item 1 pattern#0 cost=24832.00
[ADD] item 2 pattern#0 cost=11508.00
[ADD] item 3 pattern#0 cost=37116.00
[ADD] item 4 pattern#0 cost=29090.00
[INFO] Init Branch-and-Price: items=5, T=80, capacity_stats[min=1.3e+03 max=1.3e+03 mean=1.3e+03 l1=1.04e+05]
[INFO] Solving LP relaxation with column generation and branching on fractional decisions.
[CG] iter  1  obj=128856.00
[INFO] Dual μ stats: min=0 max=0 mean=0 l1=0; head[0, 0, 0, 0, 0, 0, 0, 0]
[INFO] Stabilized dual μ̂ stats: min=0 max=0 mean=0 l1=0; head[0, 0, 0, 0, 0, 0, 0, 0]
[ADD] item 0 pattern#1 cost=22763.30
[ADD] item 1 pattern#1 cost=24773.40
[ADD] item 2 pattern#1 cost=10586.60
[ADD] item 3 pattern#1 cost=35708.50
[ADD] item 4 pattern#1 cost=26575.20
[INFO] Pricing results → 0: DP rc=-3.9e+03, 1: DP rc=-326, 2: DP rc=-1.24e+03, 3: DP rc=-1.56e+03, 4: DP rc=-2.59e+03
[INFO] Added 5 columns (total patterns now 10)
[CG] iter  2  obj=121023.38
[INFO] Dual μ stats: min=-3.18 max=0 mean=-0.0397 l1=3.18; head[0, 0, 0, 0, 0, 0, 0, 0]
[INFO] Stabilized dual μ̂ stats: min=-2.86 max=0 mean=-0.0357 l1=2.86; head[0, 0, 0, 0, 0, 0, 0, 0]
[ADD] item 0 pattern#2 cost=22984.10
[ADD] item 1 pattern#2 cost=24853.80
[ADD] item 2 pattern#2 cost=10470.60
[ADD] item 3 pattern#2 cost=35832.50
[ADD] item 4 pattern#2 cost=26632.40
[INFO] Pricing results → 0: DP rc=-1.99e+03, 1: DP rc=-632, 2: DP rc=-1.6e+03, 3: DP rc=-826, 4: DP rc=-578
[INFO] Added 5 columns (total patterns now 15)
[CG] iter  3  obj=120556.68
[INFO] Dual μ stats: min=-4.22 max=0 mean=-0.0527 l1=4.22; head[-4.22, 0, 0, 0, 0, 0, 0, 0]
[INFO] Stabilized dual μ̂ stats: min=-3.8 max=0 mean=-0.051 l1=4.08; head[-3.8, 0, 0, 0, 0, 0, 0, 0]
[ADD] item 0 pattern#3 cost=22783.20
[ADD] item 2 pattern#3 cost=10446.80
[ADD] item 3 pattern#3 cost=35874.00
[INFO] Pricing results → 0: DP rc=-1.62e+03, 1: DP rc=-297, 2: DP rc=-1.24e+03, 3: DP rc=-408, 4: DP rc=-307
[INFO] Added 5 columns (total patterns now 18)
[CG] iter  4  obj=120267.20
[INFO] Dual μ stats: min=0 max=0 mean=0 l1=0; head[0, 0, 0, 0, 0, 0, 0, 0]
[INFO] Stabilized dual μ̂ stats: min=-0.38 max=0 mean=-0.0051 l1=0.408; head[-0.38, 0, 0, 0, 0, 0, 0, 0]
[ADD] item 4 pattern#3 cost=26068.00
[INFO] Pricing results → 0: DP rc=-305, 1: DP rc=-202, 2: DP rc=-95.7, 3: DP rc=-100, 4: SP rc=-401
[INFO] Added 5 columns (total patterns now 19)
[CG] iter  5  obj=119760.00
[INFO] Dual μ stats: min=0 max=0 mean=0 l1=0; head[0, 0, 0, 0, 0, 0, 0, 0]
[INFO] Stabilized dual μ̂ stats: min=-0.038 max=0 mean=-0.00051 l1=0.0408; head[-0.038, 0, 0, 0, 0, 0, 0, 0]
[INFO] Pricing results → 0: DP rc=-350, 1: DP rc=-261, 2: DP rc=-166, 3: DP rc=-148, 4: NONE rc=inf
[INFO] Added 4 columns (total patterns now 19)
[CG] iter  6  obj=119760.00
[INFO] Dual μ stats: min=0 max=0 mean=0 l1=0; head[0, 0, 0, 0, 0, 0, 0, 0]
[INFO] Stabilized dual μ̂ stats: min=-0.0038 max=0 mean=-5.1e-05 l1=0.00408; head[-0.0038, 0, 0, 0, 0, 0, 0, 0]
[INFO] Pricing results → 0: DP rc=-354, 1: DP rc=-267, 2: DP rc=-173, 3: DP rc=-153, 4: NONE rc=inf
[INFO] Added 4 columns (total patterns now 19)
[CG] iter  7  obj=119760.00
[INFO] Dual μ stats: min=0 max=0 mean=0 l1=0; head[0, 0, 0, 0, 0, 0, 0, 0]
[INFO] Stabilized dual μ̂ stats: min=-0.00038 max=0 mean=-5.1e-06 l1=0.000408; head[-0.00038, 0, 0, 0, 0, 0, 0, 0]
[INFO] Pricing results → 0: DP rc=-355, 1: DP rc=-268, 2: DP rc=-174, 3: DP rc=-153, 4: NONE rc=inf
[INFO] Added 4 columns (total patterns now 19)
[CG] iter  8  obj=119760.00
[INFO] Dual μ stats: min=0 max=0 mean=0 l1=0; head[0, 0, 0, 0, 0, 0, 0, 0]
[INFO] Stabilized dual μ̂ stats: min=-3.8e-05 max=0 mean=-5.1e-07 l1=4.08e-05; head[-3.8e-05, 0, 0, 0, 0, 0, 0, 0]
[INFO] Pricing results → 0: DP rc=-355, 1: DP rc=-268, 2: DP rc=-174, 3: DP rc=-153, 4: NONE rc=inf
[INFO] Added 4 columns (total patterns now 19)
[CG] iter  9  obj=119760.00
[INFO] Dual μ stats: min=0 max=0 mean=0 l1=0; head[0, 0, 0, 0, 0, 0, 0, 0]
[INFO] Stabilized dual μ̂ stats: min=-3.8e-06 max=0 mean=-5.1e-08 l1=4.08e-06; head[-3.8e-06, 0, 0, 0, 0, 0, 0, 0]
[INFO] Pricing results → 0: DP rc=-355, 1: DP rc=-268, 2: DP rc=-174, 3: DP rc=-153, 4: NONE rc=inf
[INFO] Added 4 columns (total patterns now 19)
[CG] iter 10  obj=119760.00
[INFO] Dual μ stats: min=0 max=0 mean=0 l1=0; head[0, 0, 0, 0, 0, 0, 0, 0]
[INFO] Stabilized dual μ̂ stats: min=-3.8e-07 max=0 mean=-5.1e-09 l1=4.08e-07; head[-3.8e-07, 0, 0, 0, 0, 0, 0, 0]
[INFO] Pricing results → 0: DP rc=-355, 1: DP rc=-268, 2: DP rc=-174, 3: DP rc=-153, 4: NONE rc=inf
[INFO] Added 4 columns (total patterns now 19)
[CG] iter 11  obj=119760.00
[INFO] Dual μ stats: min=0 max=0 mean=0 l1=0; head[0, 0, 0, 0, 0, 0, 0, 0]
[INFO] Stabilized dual μ̂ stats: min=-3.8e-08 max=0 mean=-5.1e-10 l1=4.08e-08; head[-3.8e-08, 0, 0, 0, 0, 0, 0, 0]
[INFO] Pricing results → 0: DP rc=-355, 1: DP rc=-268, 2: DP rc=-174, 3: DP rc=-153, 4: NONE rc=inf
[INFO] Added 4 columns (total patterns now 19)
[CG] iter 12  obj=119760.00
[INFO] Dual μ stats: min=0 max=0 mean=0 l1=0; head[0, 0, 0, 0, 0, 0, 0, 0]
[INFO] Stabilized dual μ̂ stats: min=-3.8e-09 max=0 mean=-5.1e-11 l1=4.08e-09; head[-3.8e-09, 0, 0, 0, 0, 0, 0, 0]
[INFO] Pricing results → 0: DP rc=-355, 1: DP rc=-268, 2: DP rc=-174, 3: DP rc=-153, 4: NONE rc=inf
[INFO] Added 4 columns (total patterns now 19)
[CG] iter 13  obj=119760.00
[INFO] Dual μ stats: min=0 max=0 mean=0 l1=0; head[0, 0, 0, 0, 0, 0, 0, 0]
[INFO] Stabilized dual μ̂ stats: min=-3.8e-10 max=0 mean=-5.1e-12 l1=4.08e-10; head[-3.8e-10, 0, 0, 0, 0, 0, 0, 0]
[INFO] Pricing results → 0: DP rc=-355, 1: DP rc=-268, 2: DP rc=-174, 3: DP rc=-153, 4: NONE rc=inf
[INFO] Added 4 columns (total patterns now 19)
[CG] iter 14  obj=119760.00
[INFO] Dual μ stats: min=0 max=0 mean=0 l1=0; head[0, 0, 0, 0, 0, 0, 0, 0]
[INFO] Stabilized dual μ̂ stats: min=-3.8e-11 max=0 mean=-5.1e-13 l1=4.08e-11; head[-3.8e-11, 0, 0, 0, 0, 0, 0, 0]
[INFO] Pricing results → 0: DP rc=-355, 1: DP rc=-268, 2: DP rc=-174, 3: DP rc=-153, 4: NONE rc=inf
[INFO] Added 4 columns (total patterns now 19)
[CG] iter 15  obj=119760.00
[INFO] Dual μ stats: min=0 max=0 mean=0 l1=0; head[0, 0, 0, 0, 0, 0, 0, 0]
[INFO] Stabilized dual μ̂ stats: min=-3.8e-12 max=0 mean=-5.1e-14 l1=4.08e-12; head[-3.8e-12, 0, 0, 0, 0, 0, 0, 0]
[INFO] Pricing results → 0: DP rc=-355, 1: DP rc=-268, 2: DP rc=-174, 3: DP rc=-153, 4: NONE rc=inf
[INFO] Added 4 columns (total patterns now 19)
[CG] iter 16  obj=119760.00
[INFO] Dual μ stats: min=0 max=0 mean=0 l1=0; head[0, 0, 0, 0, 0, 0, 0, 0]
[INFO] Stabilized dual μ̂ stats: min=-3.8e-13 max=0 mean=-5.1e-15 l1=4.08e-13; head[-3.8e-13, 0, 0, 0, 0, 0, 0, 0]
[INFO] Pricing results → 0: DP rc=-355, 1: DP rc=-268, 2: DP rc=-174, 3: DP rc=-153, 4: NONE rc=inf
[INFO] Added 4 columns (total patterns now 19)
[CG] iter 17  obj=119760.00
[INFO] Dual μ stats: min=0 max=0 mean=0 l1=0; head[0, 0, 0, 0, 0, 0, 0, 0]
[INFO] Stabilized dual μ̂ stats: min=-3.8e-14 max=0 mean=-5.1e-16 l1=4.08e-14; head[-3.8e-14, 0, 0, 0, 0, 0, 0, 0]
[INFO] Pricing results → 0: DP rc=-355, 1: DP rc=-268, 2: DP rc=-174, 3: DP rc=-153, 4: NONE rc=inf
[INFO] Added 4 columns (total patterns now 19)
[CG] iter 18  obj=119760.00
[INFO] Dual μ stats: min=0 max=0 mean=0 l1=0; head[0, 0, 0, 0, 0, 0, 0, 0]
[INFO] Stabilized dual μ̂ stats: min=-3.8e-15 max=0 mean=-5.1e-17 l1=4.08e-15; head[-3.8e-15, 0, 0, 0, 0, 0, 0, 0]
[INFO] Pricing results → 0: DP rc=-355, 1: DP rc=-268, 2: DP rc=-174, 3: DP rc=-154, 4: NONE rc=inf
[INFO] Added 4 columns (total patterns now 19)
[CG] iter 19  obj=119760.00
[INFO] Dual μ stats: min=0 max=0 mean=0 l1=0; head[0, 0, 0, 0, 0, 0, 0, 0]
[INFO] Stabilized dual μ̂ stats: min=-3.8e-16 max=0 mean=-5.1e-18 l1=4.08e-16; head[-3.8e-16, 0, 0, 0, 0, 0, 0, 0]
[INFO] Pricing results → 0: DP rc=-355, 1: DP rc=-268, 2: DP rc=-174, 3: DP rc=-154, 4: NONE rc=inf
[INFO] Added 4 columns (total patterns now 19)
[CG] iter 20  obj=119760.00
[INFO] Dual μ stats: min=0 max=0 mean=0 l1=0; head[0, 0, 0, 0, 0, 0, 0, 0]
[INFO] Stabilized dual μ̂ stats: min=-3.8e-17 max=0 mean=-5.1e-19 l1=4.08e-17; head[-3.8e-17, 0, 0, 0, 0, 0, 0, 0]
[INFO] Pricing results → 0: DP rc=-355, 1: DP rc=-268, 2: DP rc=-174, 3: DP rc=-154, 4: NONE rc=inf
[INFO] Added 4 columns (total patterns now 19)
[CG] iter 21  obj=119760.00
[INFO] Dual μ stats: min=0 max=0 mean=0 l1=0; head[0, 0, 0, 0, 0, 0, 0, 0]
[INFO] Stabilized dual μ̂ stats: min=-3.8e-18 max=0 mean=-5.1e-20 l1=4.08e-18; head[-3.8e-18, 0, 0, 0, 0, 0, 0, 0]
[INFO] Pricing results → 0: DP rc=-355, 1: DP rc=-268, 2: DP rc=-174, 3: DP rc=-154, 4: NONE rc=inf
[INFO] Added 4 columns (total patterns now 19)
[CG] iter 22  obj=119760.00
[INFO] Dual μ stats: min=0 max=0 mean=0 l1=0; head[0, 0, 0, 0, 0, 0, 0, 0]
[INFO] Stabilized dual μ̂ stats: min=-3.8e-19 max=0 mean=-5.1e-21 l1=4.08e-19; head[-3.8e-19, 0, 0, 0, 0, 0, 0, 0]
[INFO] Pricing results → 0: DP rc=-355, 1: DP rc=-268, 2: DP rc=-174, 3: DP rc=-154, 4: NONE rc=inf
[INFO] Added 4 columns (total patterns now 19)
[CG] iter 23  obj=119760.00
[INFO] Dual μ stats: min=0 max=0 mean=0 l1=0; head[0, 0, 0, 0, 0, 0, 0, 0]
[INFO] Stabilized dual μ̂ stats: min=-3.8e-20 max=0 mean=-5.1e-22 l1=4.08e-20; head[-3.8e-20, 0, 0, 0, 0, 0, 0, 0]
[INFO] Pricing results → 0: DP rc=-355, 1: DP rc=-268, 2: DP rc=-174, 3: DP rc=-154, 4: NONE rc=inf
[INFO] Added 4 columns (total patterns now 19)
[CG] iter 24  obj=119760.00
[INFO] Dual μ stats: min=0 max=0 mean=0 l1=0; head[0, 0, 0, 0, 0, 0, 0, 0]
[INFO] Stabilized dual μ̂ stats: min=-3.8e-21 max=0 mean=-5.1e-23 l1=4.08e-21; head[-3.8e-21, 0, 0, 0, 0, 0, 0, 0]
[INFO] Pricing results → 0: DP rc=-355, 1: DP rc=-268, 2: DP rc=-174, 3: DP rc=-154, 4: NONE rc=inf
[INFO] Added 4 columns (total patterns now 19)
[EARLY-STOP] Column generation stagnation: < 5e-05 rel. improvement for 12 iterations.
[GAP] bound=119760.00  best=∞  gap=∞
[INFO] Restricted IP solved in 0.00s, status=2, obj=119760.00
[SOL] New incumbent 119760.00 found (restricted IP solution).
    bound=119760.00  best=119760.00  gap=0.00%

Final Objective: 119760.00   (Time elapsed: 9.10 s)

[FINAL] bound=119760.00  best=119760.00  gap=0.00%
[INFO] Backorders allowed: False
Item 0: pattern 1, y=[1, 0, 0, 0, 1, 1, 0, 1, 0, 1, 0, 1, 0, 1, 0, 1, 0, 1, 0, 1, 0, 1, 0, 1, 0, 1, 0, 1, 0, 1, 0, 0, 0, 0, 1, 0, 1, 0, 1, 0, 1, 0, 1, 0, 1, 0, 0, 0, 0, 1, 0, 1, 0, 0, 0, 1, 0, 1, 0, 1, 0, 0, 0, 0, 1, 0, 0, 0, 0, 0, 0, 0, 1, 0, 1, 0, 1, 0, 1, 0], q=[413, 0, 0, 0, 67, 256, 0, 182, 0, 215, 0, 206, 0, 166, 0, 109, 0, 219, 0, 224, 0, 318, 0, 193, 0, 106, 0, 206, 0, 552, 0, 0, 0, 0, 203, 0, 238, 0, 217, 0, 265, 0, 248, 0, 252, 0, 0, 0, 0, 288, 0, 516, 0, 0, 0, 284, 0, 149, 0, 518, 0, 0, 0, 0, 602, 0, 0, 0, 0, 0, 0, 0, 213, 0, 154, 0, 220, 0, 256, 0]
Item 1: pattern 1, y=[1, 1, 0, 0, 0, 0, 1, 1, 1, 1, 1, 0, 1, 0, 1, 1, 0, 1, 0, 1, 0, 1, 0, 1, 1, 1, 0, 1, 0, 1, 1, 1, 0, 1, 0, 1, 0, 1, 1, 1, 1, 1, 0, 1, 1, 0, 1, 0, 1, 1, 1, 1, 1, 1, 1, 1, 0, 1, 1, 1, 1, 0, 1, 0, 1, 1, 1, 1, 0, 1, 1, 1, 1, 0, 1, 1, 1, 1, 1, 1], q=[163, 493, 0, 0, 0, 0, 32, 163, 49, 156, 179, 0, 125, 0, 95, 40, 0, 162, 0, 98, 0, 216, 0, 123, 54, 203, 0, 180, 0, 140, 109, 185, 0, 85, 0, 76, 0, 166, 78, 90, 112, 63, 0, 129, 131, 0, 179, 0, 180, 101, 52, 67, 92, 188, 121, 190, 0, 179, 173, 53, 212, 0, 215, 0, 42, 88, 136, 96, 0, 153, 114, 171, 49, 0, 121, 175, 105, 146, 131, 80]
Item 2: pattern 3, y=[1, 1, 0, 0, 0, 1, 1, 0, 0, 0, 1, 0, 1, 1, 0, 1, 0, 1, 0, 1, 0, 1, 1, 0, 1, 0, 1, 0, 1, 0, 1, 0, 0, 0, 1, 1, 0, 1, 0, 1, 0, 1, 1, 0, 1, 0, 0, 0, 0, 1, 0, 1, 0, 1, 0, 1, 1, 0, 1, 1, 0, 1, 0, 1, 1, 0, 1, 1, 0, 1, 0, 1, 0, 0, 0, 0, 1, 0, 1, 0], q=[163, 246, 0, 0, 0, 103, 363, 0, 0, 0, 59, 0, 184, 195, 0, 309, 0, 183, 0, 80, 0, 156, 218, 0, 150, 0, 224, 0, 148, 0, 290, 0, 0, 0, 71, 146, 0, 101, 0, 302, 0, 167, 255, 0, 158, 0, 0, 0, 0, 64, 0, 242, 0, 224, 0, 94, 157, 0, 192, 336, 0, 295, 0, 183, 283, 0, 164, 208, 0, 184, 0, 380, 0, 0, 0, 0, 75, 0, 156, 0]
Item 3: pattern 1, y=[1, 0, 1, 1, 0, 1, 0, 1, 1, 0, 1, 0, 1, 0, 1, 0, 0, 0, 1, 0, 1, 0, 1, 0, 1, 1, 0, 1, 0, 1, 0, 1, 0, 0, 0, 1, 1, 0, 1, 0, 1, 1, 0, 1, 0, 1, 0, 1, 0, 1, 1, 0, 1, 0, 0, 0, 1, 1, 1, 0, 1, 0, 1, 0, 1, 1, 0, 1, 1, 0, 1, 1, 0, 1, 0, 0, 0, 0, 1, 0], q=[124, 0, 150, 242, 0, 161, 0, 92, 47, 0, 188, 0, 251, 0, 450, 0, 0, 0, 230, 0, 120, 0, 176, 0, 56, 198, 0, 78, 0, 215, 0, 299, 0, 0, 0, 153, 163, 0, 249, 0, 164, 284, 0, 261, 0, 257, 0, 256, 0, 163, 224, 0, 356, 0, 0, 0, 88, 181, 274, 0, 93, 0, 173, 0, 66, 195, 0, 98, 226, 0, 184, 302, 0, 200, 0, 0, 0, 0, 92, 0]
Item 4: pattern 3, y=[1, 0, 0, 0, 1, 0, 0, 1, 0, 0, 1, 0, 1, 0, 0, 1, 0, 1, 0, 0, 0, 1, 0, 1, 0, 1, 0, 1, 0, 1, 0, 1, 0, 0, 1, 0, 1, 0, 0, 1, 0, 0, 1, 0, 0, 1, 0, 1, 0, 1, 0, 0, 1, 0, 0, 0, 1, 0, 1, 0, 1, 0, 0, 1, 0, 1, 0, 1, 0, 1, 0, 1, 0, 0, 1, 0, 1, 0, 0, 1], q=[254, 0, 0, 0, 347, 0, 0, 272, 0, 0, 321, 0, 306, 0, 0, 298, 0, 371, 0, 0, 0, 337, 0, 278, 0, 249, 0, 199, 0, 358, 0, 269, 0, 0, 176, 0, 398, 0, 0, 192, 0, 0, 311, 0, 0, 243, 0, 209, 0, 194, 0, 0, 209, 0, 0, 0, 305, 0, 293, 0, 139, 0, 0, 360, 0, 329, 0, 314, 0, 238, 0, 147, 0, 0, 255, 0, 158, 0, 0, 107]

=== Detailed execution report (per item) ===

Item 0
 t | demand | order | inventory_after | backlog
--------------------------------------------
 0 |   99.0 | 413.0 |          314.0 |     0.0
 1 |  195.0 |   0.0 |          119.0 |     0.0
 2 |  108.0 |   0.0 |           11.0 |     0.0
 3 |   11.0 |   0.0 |            0.0 |     0.0
 4 |   67.0 |  67.0 |            0.0 |     0.0
 5 |  131.0 | 256.0 |          125.0 |     0.0
 6 |  125.0 |   0.0 |            0.0 |     0.0
 7 |  104.0 | 182.0 |           78.0 |     0.0
 8 |   78.0 |   0.0 |            0.0 |     0.0
 9 |  123.0 | 215.0 |           92.0 |     0.0
10 |   92.0 |   0.0 |            0.0 |     0.0
11 |  150.0 | 206.0 |           56.0 |     0.0
12 |   56.0 |   0.0 |            0.0 |     0.0
13 |  130.0 | 166.0 |           36.0 |     0.0
14 |   36.0 |   0.0 |            0.0 |     0.0
15 |   73.0 | 109.0 |           36.0 |     0.0
16 |   36.0 |   0.0 |            0.0 |     0.0
17 |  194.0 | 219.0 |           25.0 |     0.0
18 |   25.0 |   0.0 |            0.0 |     0.0
19 |  159.0 | 224.0 |           65.0 |     0.0
20 |   65.0 |   0.0 |            0.0 |     0.0
21 |  137.0 | 318.0 |          181.0 |     0.0
22 |  181.0 |   0.0 |            0.0 |     0.0
23 |  155.0 | 193.0 |           38.0 |     0.0
24 |   38.0 |   0.0 |            0.0 |     0.0
25 |   80.0 | 106.0 |           26.0 |     0.0
26 |   26.0 |   0.0 |            0.0 |     0.0
27 |  187.0 | 206.0 |           19.0 |     0.0
28 |   19.0 |   0.0 |            0.0 |     0.0
29 |  176.0 | 552.0 |          376.0 |     0.0
30 |   85.0 |   0.0 |          291.0 |     0.0
31 |  121.0 |   0.0 |          170.0 |     0.0
32 |  144.0 |   0.0 |           26.0 |     0.0
33 |   26.0 |   0.0 |            0.0 |     0.0
34 |   91.0 | 203.0 |          112.0 |     0.0
35 |  112.0 |   0.0 |            0.0 |     0.0
36 |   81.0 | 238.0 |          157.0 |     0.0
37 |  157.0 |   0.0 |            0.0 |     0.0
38 |  164.0 | 217.0 |           53.0 |     0.0
39 |   53.0 |   0.0 |            0.0 |     0.0
40 |  142.0 | 265.0 |          123.0 |     0.0
41 |  123.0 |   0.0 |            0.0 |     0.0
42 |  114.0 | 248.0 |          134.0 |     0.0
43 |  134.0 |   0.0 |            0.0 |     0.0
44 |   67.0 | 252.0 |          185.0 |     0.0
45 |   16.0 |   0.0 |          169.0 |     0.0
46 |  141.0 |   0.0 |           28.0 |     0.0
47 |    4.0 |   0.0 |           24.0 |     0.0
48 |   24.0 |   0.0 |            0.0 |     0.0
49 |  185.0 | 288.0 |          103.0 |     0.0
50 |  103.0 |   0.0 |            0.0 |     0.0
51 |  182.0 | 516.0 |          334.0 |     0.0
52 |  172.0 |   0.0 |          162.0 |     0.0
53 |  161.0 |   0.0 |            1.0 |     0.0
54 |    1.0 |   0.0 |            0.0 |     0.0
55 |  157.0 | 284.0 |          127.0 |     0.0
56 |  127.0 |   0.0 |            0.0 |     0.0
57 |   86.0 | 149.0 |           63.0 |     0.0
58 |   63.0 |   0.0 |            0.0 |     0.0
59 |  187.0 | 518.0 |          331.0 |     0.0
60 |   84.0 |   0.0 |          247.0 |     0.0
61 |  181.0 |   0.0 |           66.0 |     0.0
62 |   17.0 |   0.0 |           49.0 |     0.0
63 |   49.0 |   0.0 |            0.0 |     0.0
64 |  146.0 | 602.0 |          456.0 |     0.0
65 |   57.0 |   0.0 |          399.0 |     0.0
66 |   62.0 |   0.0 |          337.0 |     0.0
67 |   37.0 |   0.0 |          300.0 |     0.0
68 |  140.0 |   0.0 |          160.0 |     0.0
69 |  115.0 |   0.0 |           45.0 |     0.0
70 |   24.0 |   0.0 |           21.0 |     0.0
71 |   21.0 |   0.0 |            0.0 |     0.0
72 |   82.0 | 213.0 |          131.0 |     0.0
73 |  131.0 |   0.0 |            0.0 |     0.0
74 |  126.0 | 154.0 |           28.0 |     0.0
75 |   28.0 |   0.0 |            0.0 |     0.0
76 |   78.0 | 220.0 |          142.0 |     0.0
77 |  142.0 |   0.0 |            0.0 |     0.0
78 |   75.0 | 256.0 |          181.0 |     0.0
79 |  181.0 |   0.0 |            0.0 |     0.0

Item 1
 t | demand | order | inventory_after | backlog
--------------------------------------------
 0 |  163.0 | 163.0 |            0.0 |     0.0
 1 |  137.0 | 493.0 |          356.0 |     0.0
 2 |  155.0 |   0.0 |          201.0 |     0.0
 3 |  175.0 |   0.0 |           26.0 |     0.0
 4 |   19.0 |   0.0 |            7.0 |     0.0
 5 |    7.0 |   0.0 |            0.0 |     0.0
 6 |   32.0 |  32.0 |            0.0 |     0.0
 7 |  163.0 | 163.0 |            0.0 |     0.0
 8 |   49.0 |  49.0 |            0.0 |     0.0
 9 |  156.0 | 156.0 |            0.0 |     0.0
10 |  148.0 | 179.0 |           31.0 |     0.0
11 |   31.0 |   0.0 |            0.0 |     0.0
12 |  101.0 | 125.0 |           24.0 |     0.0
13 |   24.0 |   0.0 |            0.0 |     0.0
14 |   95.0 |  95.0 |            0.0 |     0.0
15 |   30.0 |  40.0 |           10.0 |     0.0
16 |   10.0 |   0.0 |            0.0 |     0.0
17 |  156.0 | 162.0 |            6.0 |     0.0
18 |    6.0 |   0.0 |            0.0 |     0.0
19 |   50.0 |  98.0 |           48.0 |     0.0
20 |   48.0 |   0.0 |            0.0 |     0.0
21 |  184.0 | 216.0 |           32.0 |     0.0
22 |   32.0 |   0.0 |            0.0 |     0.0
23 |  123.0 | 123.0 |            0.0 |     0.0
24 |   54.0 |  54.0 |            0.0 |     0.0
25 |  187.0 | 203.0 |           16.0 |     0.0
26 |   16.0 |   0.0 |            0.0 |     0.0
27 |  174.0 | 180.0 |            6.0 |     0.0
28 |    6.0 |   0.0 |            0.0 |     0.0
29 |  140.0 | 140.0 |            0.0 |     0.0
30 |  109.0 | 109.0 |            0.0 |     0.0
31 |  159.0 | 185.0 |           26.0 |     0.0
32 |   26.0 |   0.0 |            0.0 |     0.0
33 |   67.0 |  85.0 |           18.0 |     0.0
34 |   18.0 |   0.0 |            0.0 |     0.0
35 |   57.0 |  76.0 |           19.0 |     0.0
36 |   19.0 |   0.0 |            0.0 |     0.0
37 |  166.0 | 166.0 |            0.0 |     0.0
38 |   78.0 |  78.0 |            0.0 |     0.0
39 |   90.0 |  90.0 |            0.0 |     0.0
40 |  112.0 | 112.0 |            0.0 |     0.0
41 |   47.0 |  63.0 |           16.0 |     0.0
42 |   16.0 |   0.0 |            0.0 |     0.0
43 |  129.0 | 129.0 |            0.0 |     0.0
44 |  120.0 | 131.0 |           11.0 |     0.0
45 |   11.0 |   0.0 |            0.0 |     0.0
46 |  153.0 | 179.0 |           26.0 |     0.0
47 |   26.0 |   0.0 |            0.0 |     0.0
48 |  180.0 | 180.0 |            0.0 |     0.0
49 |  101.0 | 101.0 |            0.0 |     0.0
50 |   52.0 |  52.0 |            0.0 |     0.0
51 |   67.0 |  67.0 |            0.0 |     0.0
52 |   92.0 |  92.0 |            0.0 |     0.0
53 |  188.0 | 188.0 |            0.0 |     0.0
54 |  121.0 | 121.0 |            0.0 |     0.0
55 |  146.0 | 190.0 |           44.0 |     0.0
56 |   44.0 |   0.0 |            0.0 |     0.0
57 |  179.0 | 179.0 |            0.0 |     0.0
58 |  173.0 | 173.0 |            0.0 |     0.0
59 |   53.0 |  53.0 |            0.0 |     0.0
60 |  197.0 | 212.0 |           15.0 |     0.0
61 |   15.0 |   0.0 |            0.0 |     0.0
62 |  174.0 | 215.0 |           41.0 |     0.0
63 |   41.0 |   0.0 |            0.0 |     0.0
64 |   42.0 |  42.0 |            0.0 |     0.0
65 |   88.0 |  88.0 |            0.0 |     0.0
66 |  136.0 | 136.0 |            0.0 |     0.0
67 |   65.0 |  96.0 |           31.0 |     0.0
68 |   31.0 |   0.0 |            0.0 |     0.0
69 |  153.0 | 153.0 |            0.0 |     0.0
70 |  114.0 | 114.0 |            0.0 |     0.0
71 |  171.0 | 171.0 |            0.0 |     0.0
72 |   45.0 |  49.0 |            4.0 |     0.0
73 |    4.0 |   0.0 |            0.0 |     0.0
74 |  121.0 | 121.0 |            0.0 |     0.0
75 |  175.0 | 175.0 |            0.0 |     0.0
76 |  105.0 | 105.0 |            0.0 |     0.0
77 |  146.0 | 146.0 |            0.0 |     0.0
78 |  131.0 | 131.0 |            0.0 |     0.0
79 |   80.0 |  80.0 |            0.0 |     0.0

Item 2
 t | demand | order | inventory_after | backlog
--------------------------------------------
 0 |  163.0 | 163.0 |            0.0 |     0.0
 1 |   22.0 | 246.0 |          224.0 |     0.0
 2 |  186.0 |   0.0 |           38.0 |     0.0
 3 |   34.0 |   0.0 |            4.0 |     0.0
 4 |    4.0 |   0.0 |            0.0 |     0.0
 5 |  103.0 | 103.0 |            0.0 |     0.0
 6 |  174.0 | 363.0 |          189.0 |     0.0
 7 |  107.0 |   0.0 |           82.0 |     0.0
 8 |   81.0 |   0.0 |            1.0 |     0.0
 9 |    1.0 |   0.0 |            0.0 |     0.0
10 |   55.0 |  59.0 |            4.0 |     0.0
11 |    4.0 |   0.0 |            0.0 |     0.0
12 |  184.0 | 184.0 |            0.0 |     0.0
13 |  194.0 | 195.0 |            1.0 |     0.0
14 |    1.0 |   0.0 |            0.0 |     0.0
15 |  173.0 | 309.0 |          136.0 |     0.0
16 |  136.0 |   0.0 |            0.0 |     0.0
17 |  157.0 | 183.0 |           26.0 |     0.0
18 |   26.0 |   0.0 |            0.0 |     0.0
19 |   49.0 |  80.0 |           31.0 |     0.0
20 |   31.0 |   0.0 |            0.0 |     0.0
21 |  156.0 | 156.0 |            0.0 |     0.0
22 |  167.0 | 218.0 |           51.0 |     0.0
23 |   51.0 |   0.0 |            0.0 |     0.0
24 |   78.0 | 150.0 |           72.0 |     0.0
25 |   72.0 |   0.0 |            0.0 |     0.0
26 |  177.0 | 224.0 |           47.0 |     0.0
27 |   47.0 |   0.0 |            0.0 |     0.0
28 |   26.0 | 148.0 |          122.0 |     0.0
29 |  122.0 |   0.0 |            0.0 |     0.0
30 |  102.0 | 290.0 |          188.0 |     0.0
31 |  161.0 |   0.0 |           27.0 |     0.0
32 |   21.0 |   0.0 |            6.0 |     0.0
33 |    6.0 |   0.0 |            0.0 |     0.0
34 |   71.0 |  71.0 |            0.0 |     0.0
35 |  116.0 | 146.0 |           30.0 |     0.0
36 |   30.0 |   0.0 |            0.0 |     0.0
37 |   66.0 | 101.0 |           35.0 |     0.0
38 |   35.0 |   0.0 |            0.0 |     0.0
39 |  168.0 | 302.0 |          134.0 |     0.0
40 |  134.0 |   0.0 |            0.0 |     0.0
41 |  167.0 | 167.0 |            0.0 |     0.0
42 |  166.0 | 255.0 |           89.0 |     0.0
43 |   89.0 |   0.0 |            0.0 |     0.0
44 |   30.0 | 158.0 |          128.0 |     0.0
45 |   40.0 |   0.0 |           88.0 |     0.0
46 |   72.0 |   0.0 |           16.0 |     0.0
47 |    5.0 |   0.0 |           11.0 |     0.0
48 |   11.0 |   0.0 |            0.0 |     0.0
49 |   11.0 |  64.0 |           53.0 |     0.0
50 |   53.0 |   0.0 |            0.0 |     0.0
51 |  175.0 | 242.0 |           67.0 |     0.0
52 |   67.0 |   0.0 |            0.0 |     0.0
53 |  143.0 | 224.0 |           81.0 |     0.0
54 |   81.0 |   0.0 |            0.0 |     0.0
55 |   94.0 |  94.0 |            0.0 |     0.0
56 |  146.0 | 157.0 |           11.0 |     0.0
57 |   11.0 |   0.0 |            0.0 |     0.0
58 |  192.0 | 192.0 |            0.0 |     0.0
59 |  180.0 | 336.0 |          156.0 |     0.0
60 |  156.0 |   0.0 |            0.0 |     0.0
61 |  168.0 | 295.0 |          127.0 |     0.0
62 |  127.0 |   0.0 |            0.0 |     0.0
63 |  183.0 | 183.0 |            0.0 |     0.0
64 |  165.0 | 283.0 |          118.0 |     0.0
65 |  118.0 |   0.0 |            0.0 |     0.0
66 |  164.0 | 164.0 |            0.0 |     0.0
67 |  112.0 | 208.0 |           96.0 |     0.0
68 |   96.0 |   0.0 |            0.0 |     0.0
69 |  138.0 | 184.0 |           46.0 |     0.0
70 |   46.0 |   0.0 |            0.0 |     0.0
71 |   54.0 | 380.0 |          326.0 |     0.0
72 |   97.0 |   0.0 |          229.0 |     0.0
73 |  151.0 |   0.0 |           78.0 |     0.0
74 |   75.0 |   0.0 |            3.0 |     0.0
75 |    3.0 |   0.0 |            0.0 |     0.0
76 |   36.0 |  75.0 |           39.0 |     0.0
77 |   39.0 |   0.0 |            0.0 |     0.0
78 |   70.0 | 156.0 |           86.0 |     0.0
79 |   86.0 |   0.0 |            0.0 |     0.0

Item 3
 t | demand | order | inventory_after | backlog
--------------------------------------------
 0 |   57.0 | 124.0 |           67.0 |     0.0
 1 |   67.0 |   0.0 |            0.0 |     0.0
 2 |  150.0 | 150.0 |            0.0 |     0.0
 3 |  199.0 | 242.0 |           43.0 |     0.0
 4 |   43.0 |   0.0 |            0.0 |     0.0
 5 |  111.0 | 161.0 |           50.0 |     0.0
 6 |   50.0 |   0.0 |            0.0 |     0.0
 7 |   92.0 |  92.0 |            0.0 |     0.0
 8 |   30.0 |  47.0 |           17.0 |     0.0
 9 |   17.0 |   0.0 |            0.0 |     0.0
10 |  180.0 | 188.0 |            8.0 |     0.0
11 |    8.0 |   0.0 |            0.0 |     0.0
12 |  135.0 | 251.0 |          116.0 |     0.0
13 |  116.0 |   0.0 |            0.0 |     0.0
14 |  193.0 | 450.0 |          257.0 |     0.0
15 |  174.0 |   0.0 |           83.0 |     0.0
16 |   52.0 |   0.0 |           31.0 |     0.0
17 |   31.0 |   0.0 |            0.0 |     0.0
18 |  128.0 | 230.0 |          102.0 |     0.0
19 |  102.0 |   0.0 |            0.0 |     0.0
20 |   66.0 | 120.0 |           54.0 |     0.0
21 |   54.0 |   0.0 |            0.0 |     0.0
22 |  165.0 | 176.0 |           11.0 |     0.0
23 |   11.0 |   0.0 |            0.0 |     0.0
24 |   56.0 |  56.0 |            0.0 |     0.0
25 |  160.0 | 198.0 |           38.0 |     0.0
26 |   38.0 |   0.0 |            0.0 |     0.0
27 |   27.0 |  78.0 |           51.0 |     0.0
28 |   51.0 |   0.0 |            0.0 |     0.0
29 |  118.0 | 215.0 |           97.0 |     0.0
30 |   97.0 |   0.0 |            0.0 |     0.0
31 |   93.0 | 299.0 |          206.0 |     0.0
32 |  140.0 |   0.0 |           66.0 |     0.0
33 |   39.0 |   0.0 |           27.0 |     0.0
34 |   27.0 |   0.0 |            0.0 |     0.0
35 |  153.0 | 153.0 |            0.0 |     0.0
36 |  125.0 | 163.0 |           38.0 |     0.0
37 |   38.0 |   0.0 |            0.0 |     0.0
38 |  145.0 | 249.0 |          104.0 |     0.0
39 |  104.0 |   0.0 |            0.0 |     0.0
40 |  164.0 | 164.0 |            0.0 |     0.0
41 |  175.0 | 284.0 |          109.0 |     0.0
42 |  109.0 |   0.0 |            0.0 |     0.0
43 |  134.0 | 261.0 |          127.0 |     0.0
44 |  127.0 |   0.0 |            0.0 |     0.0
45 |  174.0 | 257.0 |           83.0 |     0.0
46 |   83.0 |   0.0 |            0.0 |     0.0
47 |  128.0 | 256.0 |          128.0 |     0.0
48 |  128.0 |   0.0 |            0.0 |     0.0
49 |  163.0 | 163.0 |            0.0 |     0.0
50 |  172.0 | 224.0 |           52.0 |     0.0
51 |   52.0 |   0.0 |            0.0 |     0.0
52 |  139.0 | 356.0 |          217.0 |     0.0
53 |  157.0 |   0.0 |           60.0 |     0.0
54 |   57.0 |   0.0 |            3.0 |     0.0
55 |    3.0 |   0.0 |            0.0 |     0.0
56 |   88.0 |  88.0 |            0.0 |     0.0
57 |  181.0 | 181.0 |            0.0 |     0.0
58 |  192.0 | 274.0 |           82.0 |     0.0
59 |   82.0 |   0.0 |            0.0 |     0.0
60 |   83.0 |  93.0 |           10.0 |     0.0
61 |   10.0 |   0.0 |            0.0 |     0.0
62 |  135.0 | 173.0 |           38.0 |     0.0
63 |   38.0 |   0.0 |            0.0 |     0.0
64 |   66.0 |  66.0 |            0.0 |     0.0
65 |  155.0 | 195.0 |           40.0 |     0.0
66 |   40.0 |   0.0 |            0.0 |     0.0
67 |   98.0 |  98.0 |            0.0 |     0.0
68 |  150.0 | 226.0 |           76.0 |     0.0
69 |   76.0 |   0.0 |            0.0 |     0.0
70 |  184.0 | 184.0 |            0.0 |     0.0
71 |  181.0 | 302.0 |          121.0 |     0.0
72 |  121.0 |   0.0 |            0.0 |     0.0
73 |   17.0 | 200.0 |          183.0 |     0.0
74 |   22.0 |   0.0 |          161.0 |     0.0
75 |  133.0 |   0.0 |           28.0 |     0.0
76 |   11.0 |   0.0 |           17.0 |     0.0
77 |   17.0 |   0.0 |            0.0 |     0.0
78 |   58.0 |  92.0 |           34.0 |     0.0
79 |   34.0 |   0.0 |            0.0 |     0.0

Item 4
 t | demand | order | inventory_after | backlog
--------------------------------------------
 0 |  200.0 | 254.0 |           54.0 |     0.0
 1 |   39.0 |   0.0 |           15.0 |     0.0
 2 |    6.0 |   0.0 |            9.0 |     0.0
 3 |    9.0 |   0.0 |            0.0 |     0.0
 4 |  154.0 | 347.0 |          193.0 |     0.0
 5 |  159.0 |   0.0 |           34.0 |     0.0
 6 |   34.0 |   0.0 |            0.0 |     0.0
 7 |  162.0 | 272.0 |          110.0 |     0.0
 8 |   83.0 |   0.0 |           27.0 |     0.0
 9 |   27.0 |   0.0 |            0.0 |     0.0
10 |  180.0 | 321.0 |          141.0 |     0.0
11 |  141.0 |   0.0 |            0.0 |     0.0
12 |  167.0 | 306.0 |          139.0 |     0.0
13 |   89.0 |   0.0 |           50.0 |     0.0
14 |   50.0 |   0.0 |            0.0 |     0.0
15 |   99.0 | 298.0 |          199.0 |     0.0
16 |  199.0 |   0.0 |            0.0 |     0.0
17 |  200.0 | 371.0 |          171.0 |     0.0
18 |  126.0 |   0.0 |           45.0 |     0.0
19 |   29.0 |   0.0 |           16.0 |     0.0
20 |   16.0 |   0.0 |            0.0 |     0.0
21 |  157.0 | 337.0 |          180.0 |     0.0
22 |  180.0 |   0.0 |            0.0 |     0.0
23 |  120.0 | 278.0 |          158.0 |     0.0
24 |  158.0 |   0.0 |            0.0 |     0.0
25 |  162.0 | 249.0 |           87.0 |     0.0
26 |   87.0 |   0.0 |            0.0 |     0.0
27 |  167.0 | 199.0 |           32.0 |     0.0
28 |   32.0 |   0.0 |            0.0 |     0.0
29 |  175.0 | 358.0 |          183.0 |     0.0
30 |  183.0 |   0.0 |            0.0 |     0.0
31 |  160.0 | 269.0 |          109.0 |     0.0
32 |   76.0 |   0.0 |           33.0 |     0.0
33 |   33.0 |   0.0 |            0.0 |     0.0
34 |  100.0 | 176.0 |           76.0 |     0.0
35 |   76.0 |   0.0 |            0.0 |     0.0
36 |  191.0 | 398.0 |          207.0 |     0.0
37 |  175.0 |   0.0 |           32.0 |     0.0
38 |   32.0 |   0.0 |            0.0 |     0.0
39 |  133.0 | 192.0 |           59.0 |     0.0
40 |   49.0 |   0.0 |           10.0 |     0.0
41 |   10.0 |   0.0 |            0.0 |     0.0
42 |  101.0 | 311.0 |          210.0 |     0.0
43 |  114.0 |   0.0 |           96.0 |     0.0
44 |   96.0 |   0.0 |            0.0 |     0.0
45 |  194.0 | 243.0 |           49.0 |     0.0
46 |   49.0 |   0.0 |            0.0 |     0.0
47 |  117.0 | 209.0 |           92.0 |     0.0
48 |   92.0 |   0.0 |            0.0 |     0.0
49 |  162.0 | 194.0 |           32.0 |     0.0
50 |   20.0 |   0.0 |           12.0 |     0.0
51 |   12.0 |   0.0 |            0.0 |     0.0
52 |   11.0 | 209.0 |          198.0 |     0.0
53 |  125.0 |   0.0 |           73.0 |     0.0
54 |   66.0 |   0.0 |            7.0 |     0.0
55 |    7.0 |   0.0 |            0.0 |     0.0
56 |  134.0 | 305.0 |          171.0 |     0.0
57 |  171.0 |   0.0 |            0.0 |     0.0
58 |  146.0 | 293.0 |          147.0 |     0.0
59 |  147.0 |   0.0 |            0.0 |     0.0
60 |   56.0 | 139.0 |           83.0 |     0.0
61 |   59.0 |   0.0 |           24.0 |     0.0
62 |   24.0 |   0.0 |            0.0 |     0.0
63 |  199.0 | 360.0 |          161.0 |     0.0
64 |  161.0 |   0.0 |            0.0 |     0.0
65 |  200.0 | 329.0 |          129.0 |     0.0
66 |  129.0 |   0.0 |            0.0 |     0.0
67 |  179.0 | 314.0 |          135.0 |     0.0
68 |  135.0 |   0.0 |            0.0 |     0.0
69 |  108.0 | 238.0 |          130.0 |     0.0
70 |  130.0 |   0.0 |            0.0 |     0.0
71 |   79.0 | 147.0 |           68.0 |     0.0
72 |   30.0 |   0.0 |           38.0 |     0.0
73 |   38.0 |   0.0 |            0.0 |     0.0
74 |  110.0 | 255.0 |          145.0 |     0.0
75 |  145.0 |   0.0 |            0.0 |     0.0
76 |  109.0 | 158.0 |           49.0 |     0.0
77 |   22.0 |   0.0 |           27.0 |     0.0
78 |   27.0 |   0.0 |            0.0 |     0.0
79 |  107.0 | 107.0 |            0.0 |     0.0

=== Capacity utilization audit ===
Period | Used  | Capacity | Slack
-------------------------------
     0 | 1117.0 |   1300.0 | 183.0
     1 | 739.0 |   1300.0 | 561.0
     2 | 150.0 |   1300.0 | 1150.0
     3 | 242.0 |   1300.0 | 1058.0
     4 | 414.0 |   1300.0 | 886.0
     5 | 520.0 |   1300.0 | 780.0
     6 | 395.0 |   1300.0 | 905.0
     7 | 709.0 |   1300.0 | 591.0
     8 |  96.0 |   1300.0 | 1204.0
     9 | 371.0 |   1300.0 | 929.0
    10 | 747.0 |   1300.0 | 553.0
    11 | 206.0 |   1300.0 | 1094.0
    12 | 866.0 |   1300.0 | 434.0
    13 | 361.0 |   1300.0 | 939.0
    14 | 545.0 |   1300.0 | 755.0
    15 | 756.0 |   1300.0 | 544.0
    16 |   0.0 |   1300.0 | 1300.0
    17 | 935.0 |   1300.0 | 365.0
    18 | 230.0 |   1300.0 | 1070.0
    19 | 402.0 |   1300.0 | 898.0
    20 | 120.0 |   1300.0 | 1180.0
    21 | 1027.0 |   1300.0 | 273.0
    22 | 394.0 |   1300.0 | 906.0
    23 | 594.0 |   1300.0 | 706.0
    24 | 260.0 |   1300.0 | 1040.0
    25 | 756.0 |   1300.0 | 544.0
    26 | 224.0 |   1300.0 | 1076.0
    27 | 663.0 |   1300.0 | 637.0
    28 | 148.0 |   1300.0 | 1152.0
    29 | 1265.0 |   1300.0 |  35.0
    30 | 399.0 |   1300.0 | 901.0
    31 | 753.0 |   1300.0 | 547.0
    32 |   0.0 |   1300.0 | 1300.0
    33 |  85.0 |   1300.0 | 1215.0
    34 | 450.0 |   1300.0 | 850.0
    35 | 375.0 |   1300.0 | 925.0
    36 | 799.0 |   1300.0 | 501.0
    37 | 267.0 |   1300.0 | 1033.0
    38 | 544.0 |   1300.0 | 756.0
    39 | 584.0 |   1300.0 | 716.0
    40 | 541.0 |   1300.0 | 759.0
    41 | 514.0 |   1300.0 | 786.0
    42 | 814.0 |   1300.0 | 486.0
    43 | 390.0 |   1300.0 | 910.0
    44 | 541.0 |   1300.0 | 759.0
    45 | 500.0 |   1300.0 | 800.0
    46 | 179.0 |   1300.0 | 1121.0
    47 | 465.0 |   1300.0 | 835.0
    48 | 180.0 |   1300.0 | 1120.0
    49 | 810.0 |   1300.0 | 490.0
    50 | 276.0 |   1300.0 | 1024.0
    51 | 825.0 |   1300.0 | 475.0
    52 | 657.0 |   1300.0 | 643.0
    53 | 412.0 |   1300.0 | 888.0
    54 | 121.0 |   1300.0 | 1179.0
    55 | 568.0 |   1300.0 | 732.0
    56 | 550.0 |   1300.0 | 750.0
    57 | 509.0 |   1300.0 | 791.0
    58 | 932.0 |   1300.0 | 368.0
    59 | 907.0 |   1300.0 | 393.0
    60 | 444.0 |   1300.0 | 856.0
    61 | 295.0 |   1300.0 | 1005.0
    62 | 388.0 |   1300.0 | 912.0
    63 | 543.0 |   1300.0 | 757.0
    64 | 993.0 |   1300.0 | 307.0
    65 | 612.0 |   1300.0 | 688.0
    66 | 300.0 |   1300.0 | 1000.0
    67 | 716.0 |   1300.0 | 584.0
    68 | 226.0 |   1300.0 | 1074.0
    69 | 575.0 |   1300.0 | 725.0
    70 | 298.0 |   1300.0 | 1002.0
    71 | 1000.0 |   1300.0 | 300.0
    72 | 262.0 |   1300.0 | 1038.0
    73 | 200.0 |   1300.0 | 1100.0
    74 | 530.0 |   1300.0 | 770.0
    75 | 175.0 |   1300.0 | 1125.0
    76 | 558.0 |   1300.0 | 742.0
    77 | 146.0 |   1300.0 | 1154.0
    78 | 635.0 |   1300.0 | 665.0
    79 | 187.0 |   1300.0 | 1113.0

Final Objective: 119760.00   (Time elapsed: 9.10 s)
