=== Multi-Item Perishable Lot-Sizing — Run Report ===
Timestamp           : 20250811_010202
Objective           : 120407.00
Elapsed (seconds)   : 9.11
Instance JSON       : /Users/egecanaktan/github_repositories/MultiItemPerishability/last_instance.json
Instance copy       : results/instance_20250811_010202.json
Allow backorder     : False
Items               : 5
Periods             : 80

-- Capacity --
11800, 11800, 11800, 11800, 11800, 11800, 11800, 11800, 11800, 11800, 11800, 11800, 11800, 11800, 11800, 11800, 11800, 11800, 11800, 11800, 11800, 11800, 11800, 11800, 11800, 11800, 11800, 11800, 11800, 11800, 11800, 11800, 11800, 11800, 11800, 11800, 11800, 11800, 11800, 11800, 11800, 11800, 11800, 11800, 11800, 11800, 11800, 11800, 11800, 11800, 11800, 11800, 11800, 11800, 11800, 11800, 11800, 11800, 11800, 11800, 11800, 11800, 11800, 11800, 11800, 11800, 11800, 11800, 11800, 11800, 11800, 11800, 11800, 11800, 11800, 11800, 11800, 11800, 11800, 11800

-- Per-item costs & perishability ranges --
Item 0: setup=127.5, c=2.0, h=0.4, b=5.0, min(m_it)=1, max(m_it)=50
Item 1: setup=29.0, c=3.0, h=0.6, b=5.0, min(m_it)=1, max(m_it)=59
Item 2: setup=50.0, c=1.0, h=0.3, b=5.0, min(m_it)=3, max(m_it)=70
Item 3: setup=75.0, c=4.0, h=0.5, b=5.0, min(m_it)=3, max(m_it)=5
Item 4: setup=100.0, c=2.5, h=0.4, b=5.0, min(m_it)=3, max(m_it)=5

-- Selected patterns (λ>0) --
Item 0: pattern 1, cost=22763.30, y=[1, 0, 0, 0, 1, 1, 0, 1, 0, 1, 0, 1, 0, 1, 0, 1, 0, 1, 0, 1, 0, 1, 0, 1, 0, 1, 0, 1, 0, 1, 0, 0, 0, 0, 1, 0, 1, 0, 1, 0, 1, 0, 1, 0, 1, 0, 0, 0, 0, 1, 0, 1, 0, 0, 0, 1, 0, 1, 0, 1, 0, 0, 0, 0, 1, 0, 0, 0, 0, 0, 0, 0, 1, 0, 1, 0, 1, 0, 1, 0], q=[413, 0, 0, 0, 67, 256, 0, 182, 0, 215, 0, 206, 0, 166, 0, 109, 0, 219, 0, 224, 0, 318, 0, 193, 0, 106, 0, 206, 0, 552, 0, 0, 0, 0, 203, 0, 238, 0, 217, 0, 265, 0, 248, 0, 252, 0, 0, 0, 0, 288, 0, 516, 0, 0, 0, 284, 0, 149, 0, 518, 0, 0, 0, 0, 602, 0, 0, 0, 0, 0, 0, 0, 213, 0, 154, 0, 220, 0, 256, 0]
Item 1: pattern 1, cost=24773.40, y=[1, 1, 0, 0, 0, 0, 1, 1, 1, 1, 1, 0, 1, 0, 1, 1, 0, 1, 0, 1, 0, 1, 0, 1, 1, 1, 0, 1, 0, 1, 1, 1, 0, 1, 0, 1, 0, 1, 1, 1, 1, 1, 0, 1, 1, 0, 1, 0, 1, 1, 1, 1, 1, 1, 1, 1, 0, 1, 1, 1, 1, 0, 1, 0, 1, 1, 1, 1, 0, 1, 1, 1, 1, 0, 1, 1, 1, 1, 1, 1], q=[163, 493, 0, 0, 0, 0, 32, 163, 49, 156, 179, 0, 125, 0, 95, 40, 0, 162, 0, 98, 0, 216, 0, 123, 54, 203, 0, 180, 0, 140, 109, 185, 0, 85, 0, 76, 0, 166, 78, 90, 112, 63, 0, 129, 131, 0, 179, 0, 180, 101, 52, 67, 92, 188, 121, 190, 0, 179, 173, 53, 212, 0, 215, 0, 42, 88, 136, 96, 0, 153, 114, 171, 49, 0, 121, 175, 105, 146, 131, 80]
Item 2: pattern 1, cost=10586.60, y=[1, 0, 0, 0, 0, 1, 1, 0, 0, 0, 1, 0, 1, 1, 0, 1, 0, 1, 0, 1, 0, 1, 1, 0, 1, 0, 0, 0, 0, 1, 0, 0, 0, 0, 1, 1, 0, 1, 0, 1, 0, 1, 1, 0, 1, 0, 0, 0, 0, 1, 0, 1, 0, 1, 0, 1, 1, 0, 1, 1, 0, 1, 0, 1, 1, 0, 1, 1, 0, 1, 0, 1, 0, 0, 0, 0, 1, 0, 1, 0], q=[409, 0, 0, 0, 0, 103, 363, 0, 0, 0, 59, 0, 184, 195, 0, 309, 0, 183, 0, 80, 0, 156, 218, 0, 400, 0, 0, 0, 0, 412, 0, 0, 0, 0, 71, 146, 0, 101, 0, 302, 0, 167, 255, 0, 158, 0, 0, 0, 0, 64, 0, 242, 0, 224, 0, 94, 157, 0, 192, 336, 0, 295, 0, 183, 283, 0, 164, 208, 0, 184, 0, 380, 0, 0, 0, 0, 75, 0, 156, 0]
Item 3: pattern 1, cost=35708.50, y=[1, 0, 1, 1, 0, 1, 0, 1, 1, 0, 1, 0, 1, 0, 1, 0, 0, 0, 1, 0, 1, 0, 1, 0, 1, 1, 0, 1, 0, 1, 0, 1, 0, 0, 0, 1, 1, 0, 1, 0, 1, 1, 0, 1, 0, 1, 0, 1, 0, 1, 1, 0, 1, 0, 0, 0, 1, 1, 1, 0, 1, 0, 1, 0, 1, 1, 0, 1, 1, 0, 1, 1, 0, 1, 0, 0, 0, 0, 1, 0], q=[124, 0, 150, 242, 0, 161, 0, 92, 47, 0, 188, 0, 251, 0, 450, 0, 0, 0, 230, 0, 120, 0, 176, 0, 56, 198, 0, 78, 0, 215, 0, 299, 0, 0, 0, 153, 163, 0, 249, 0, 164, 284, 0, 261, 0, 257, 0, 256, 0, 163, 224, 0, 356, 0, 0, 0, 88, 181, 274, 0, 93, 0, 173, 0, 66, 195, 0, 98, 226, 0, 184, 302, 0, 200, 0, 0, 0, 0, 92, 0]
Item 4: pattern 1, cost=26575.20, y=[1, 0, 0, 0, 1, 1, 0, 0, 0, 0, 1, 0, 1, 0, 1, 0, 1, 1, 0, 0, 0, 1, 0, 1, 0, 1, 0, 1, 0, 1, 1, 0, 1, 0, 1, 0, 1, 1, 0, 1, 0, 1, 0, 1, 0, 1, 0, 1, 0, 1, 0, 1, 0, 1, 0, 1, 0, 1, 0, 1, 0, 1, 0, 1, 0, 1, 0, 1, 0, 1, 0, 1, 0, 1, 0, 0, 0, 0, 1, 0], q=[254, 0, 0, 0, 154, 465, 0, 0, 0, 0, 321, 0, 256, 0, 149, 0, 199, 371, 0, 0, 0, 337, 0, 278, 0, 249, 0, 199, 0, 175, 343, 0, 109, 0, 176, 0, 191, 207, 0, 182, 0, 111, 0, 210, 0, 243, 0, 209, 0, 182, 0, 23, 0, 191, 0, 141, 0, 317, 0, 203, 0, 83, 0, 360, 0, 329, 0, 314, 0, 238, 0, 109, 0, 424, 0, 0, 0, 0, 134, 0]

-- Branch-and-Price Tree (nodes) --
{"id": 0, "parent": null, "fix": null, "obj": 120407.0, "incumbent": Infinity, "status": "branching"}


=== Terminal Output (verbatim) ===
[ADD] item 0 col#0 cost=26310.00
[ADD] item 1 col#0 cost=24832.00
[ADD] item 2 col#0 cost=11508.00
[ADD] item 3 col#0 cost=37116.00
[ADD] item 4 col#0 cost=29090.00
[INFO] Init BP: items=5 T=80 cap_stats[min=1.18e+04 max=1.18e+04 mean=1.18e+04 l1=9.44e+05]
[INFO] ALLOW_BACKORDER=False  STAB_ALPHA=0.9
[INFO] Running RMP (dual simplex) & Pricing (DP→SP→MIP), micro-rc filter on
[CG] iter  1  obj=128856.00
[INFO] μ stats: min=0 max=0 mean=0 l1=0; head[0, 0, 0, 0, 0, 0, 0, 0]
[INFO] μ̂ stats (stab α=0.9): min=0 max=0 mean=0 l1=0; head[0, 0, 0, 0, 0, 0, 0, 0]
[ADD] item 4 col#1 cost=26575.20
[ADD] item 3 col#1 cost=35708.50
[ADD] item 0 col#1 cost=22763.30
[ADD] item 1 col#1 cost=24773.40
[ADD] item 2 col#1 cost=10586.60
[INFO] pricing summary → 0: DP rc=-3.9e+03, 1: DP rc=-326, 2: DP rc=-1.24e+03, 3: DP rc=-1.56e+03, 4: DP rc=-2.59e+03
[INFO] added 5 columns (total now=10)
[CG] iter  2  obj=120407.00
[INFO] μ stats: min=0 max=0 mean=0 l1=0; head[0, 0, 0, 0, 0, 0, 0, 0]
[INFO] μ̂ stats (stab α=0.9): min=0 max=0 mean=0 l1=0; head[0, 0, 0, 0, 0, 0, 0, 0]
[INFO] pricing summary → 0: DP rc=-355, 1: DP rc=-268, 2: DP rc=-314, 3: DP rc=-154, 4: DP rc=-79.2
[INFO] added 5 columns (total now=10)
[CG] iter  3  obj=120407.00
[INFO] μ stats: min=0 max=0 mean=0 l1=0; head[0, 0, 0, 0, 0, 0, 0, 0]
[INFO] μ̂ stats (stab α=0.9): min=0 max=0 mean=0 l1=0; head[0, 0, 0, 0, 0, 0, 0, 0]
[INFO] pricing summary → 0: DP rc=-355, 1: DP rc=-268, 2: DP rc=-314, 3: DP rc=-154, 4: DP rc=-79.2
[INFO] added 5 columns (total now=10)
[CG] iter  4  obj=120407.00
[INFO] μ stats: min=0 max=0 mean=0 l1=0; head[0, 0, 0, 0, 0, 0, 0, 0]
[INFO] μ̂ stats (stab α=0.9): min=0 max=0 mean=0 l1=0; head[0, 0, 0, 0, 0, 0, 0, 0]
[INFO] pricing summary → 0: DP rc=-355, 1: DP rc=-268, 2: DP rc=-314, 3: DP rc=-154, 4: DP rc=-79.2
[INFO] added 5 columns (total now=10)
[CG] iter  5  obj=120407.00
[INFO] μ stats: min=0 max=0 mean=0 l1=0; head[0, 0, 0, 0, 0, 0, 0, 0]
[INFO] μ̂ stats (stab α=0.9): min=0 max=0 mean=0 l1=0; head[0, 0, 0, 0, 0, 0, 0, 0]
[INFO] pricing summary → 0: DP rc=-355, 1: DP rc=-268, 2: DP rc=-314, 3: DP rc=-154, 4: DP rc=-79.2
[INFO] added 5 columns (total now=10)
[CG] iter  6  obj=120407.00
[INFO] μ stats: min=0 max=0 mean=0 l1=0; head[0, 0, 0, 0, 0, 0, 0, 0]
[INFO] μ̂ stats (stab α=0.9): min=0 max=0 mean=0 l1=0; head[0, 0, 0, 0, 0, 0, 0, 0]
[INFO] pricing summary → 0: DP rc=-355, 1: DP rc=-268, 2: DP rc=-314, 3: DP rc=-154, 4: DP rc=-79.2
[INFO] added 5 columns (total now=10)
[CG] iter  7  obj=120407.00
[INFO] μ stats: min=0 max=0 mean=0 l1=0; head[0, 0, 0, 0, 0, 0, 0, 0]
[INFO] μ̂ stats (stab α=0.9): min=0 max=0 mean=0 l1=0; head[0, 0, 0, 0, 0, 0, 0, 0]
[INFO] pricing summary → 0: DP rc=-355, 1: DP rc=-268, 2: DP rc=-314, 3: DP rc=-154, 4: DP rc=-79.2
[INFO] added 5 columns (total now=10)
[CG] iter  8  obj=120407.00
[INFO] μ stats: min=0 max=0 mean=0 l1=0; head[0, 0, 0, 0, 0, 0, 0, 0]
[INFO] μ̂ stats (stab α=0.9): min=0 max=0 mean=0 l1=0; head[0, 0, 0, 0, 0, 0, 0, 0]
[INFO] pricing summary → 0: DP rc=-355, 1: DP rc=-268, 2: DP rc=-314, 3: DP rc=-154, 4: DP rc=-79.2
[INFO] added 5 columns (total now=10)
[CG] iter  9  obj=120407.00
[INFO] μ stats: min=0 max=0 mean=0 l1=0; head[0, 0, 0, 0, 0, 0, 0, 0]
[INFO] μ̂ stats (stab α=0.9): min=0 max=0 mean=0 l1=0; head[0, 0, 0, 0, 0, 0, 0, 0]
[INFO] pricing summary → 0: DP rc=-355, 1: DP rc=-268, 2: DP rc=-314, 3: DP rc=-154, 4: DP rc=-79.2
[INFO] added 5 columns (total now=10)
[CG] iter 10  obj=120407.00
[INFO] μ stats: min=0 max=0 mean=0 l1=0; head[0, 0, 0, 0, 0, 0, 0, 0]
[INFO] μ̂ stats (stab α=0.9): min=0 max=0 mean=0 l1=0; head[0, 0, 0, 0, 0, 0, 0, 0]
[INFO] pricing summary → 0: DP rc=-355, 1: DP rc=-268, 2: DP rc=-314, 3: DP rc=-154, 4: DP rc=-79.2
[INFO] added 5 columns (total now=10)
[CG] iter 11  obj=120407.00
[INFO] μ stats: min=0 max=0 mean=0 l1=0; head[0, 0, 0, 0, 0, 0, 0, 0]
[INFO] μ̂ stats (stab α=0.9): min=0 max=0 mean=0 l1=0; head[0, 0, 0, 0, 0, 0, 0, 0]
[INFO] pricing summary → 0: DP rc=-355, 1: DP rc=-268, 2: DP rc=-314, 3: DP rc=-154, 4: DP rc=-79.2
[INFO] added 5 columns (total now=10)
[CG] iter 12  obj=120407.00
[INFO] μ stats: min=0 max=0 mean=0 l1=0; head[0, 0, 0, 0, 0, 0, 0, 0]
[INFO] μ̂ stats (stab α=0.9): min=0 max=0 mean=0 l1=0; head[0, 0, 0, 0, 0, 0, 0, 0]
[INFO] pricing summary → 0: DP rc=-355, 1: DP rc=-268, 2: DP rc=-314, 3: DP rc=-154, 4: DP rc=-79.2
[INFO] added 5 columns (total now=10)
[CG] iter 13  obj=120407.00
[INFO] μ stats: min=0 max=0 mean=0 l1=0; head[0, 0, 0, 0, 0, 0, 0, 0]
[INFO] μ̂ stats (stab α=0.9): min=0 max=0 mean=0 l1=0; head[0, 0, 0, 0, 0, 0, 0, 0]
[INFO] pricing summary → 0: DP rc=-355, 1: DP rc=-268, 2: DP rc=-314, 3: DP rc=-154, 4: DP rc=-79.2
[INFO] added 5 columns (total now=10)
[CG] iter 14  obj=120407.00
[INFO] μ stats: min=0 max=0 mean=0 l1=0; head[0, 0, 0, 0, 0, 0, 0, 0]
[INFO] μ̂ stats (stab α=0.9): min=0 max=0 mean=0 l1=0; head[0, 0, 0, 0, 0, 0, 0, 0]
[INFO] pricing summary → 0: DP rc=-355, 1: DP rc=-268, 2: DP rc=-314, 3: DP rc=-154, 4: DP rc=-79.2
[INFO] added 5 columns (total now=10)
[CG] iter 15  obj=120407.00
[INFO] μ stats: min=0 max=0 mean=0 l1=0; head[0, 0, 0, 0, 0, 0, 0, 0]
[INFO] μ̂ stats (stab α=0.9): min=0 max=0 mean=0 l1=0; head[0, 0, 0, 0, 0, 0, 0, 0]
[INFO] pricing summary → 0: DP rc=-355, 1: DP rc=-268, 2: DP rc=-314, 3: DP rc=-154, 4: DP rc=-79.2
[INFO] added 5 columns (total now=10)
[CG] iter 16  obj=120407.00
[INFO] μ stats: min=0 max=0 mean=0 l1=0; head[0, 0, 0, 0, 0, 0, 0, 0]
[INFO] μ̂ stats (stab α=0.9): min=0 max=0 mean=0 l1=0; head[0, 0, 0, 0, 0, 0, 0, 0]
[INFO] pricing summary → 0: DP rc=-355, 1: DP rc=-268, 2: DP rc=-314, 3: DP rc=-154, 4: DP rc=-79.2
[INFO] added 5 columns (total now=10)
[CG] iter 17  obj=120407.00
[INFO] μ stats: min=0 max=0 mean=0 l1=0; head[0, 0, 0, 0, 0, 0, 0, 0]
[INFO] μ̂ stats (stab α=0.9): min=0 max=0 mean=0 l1=0; head[0, 0, 0, 0, 0, 0, 0, 0]
[INFO] pricing summary → 0: DP rc=-355, 1: DP rc=-268, 2: DP rc=-314, 3: DP rc=-154, 4: DP rc=-79.2
[INFO] added 5 columns (total now=10)
[CG] iter 18  obj=120407.00
[INFO] μ stats: min=0 max=0 mean=0 l1=0; head[0, 0, 0, 0, 0, 0, 0, 0]
[INFO] μ̂ stats (stab α=0.9): min=0 max=0 mean=0 l1=0; head[0, 0, 0, 0, 0, 0, 0, 0]
[INFO] pricing summary → 0: DP rc=-355, 1: DP rc=-268, 2: DP rc=-314, 3: DP rc=-154, 4: DP rc=-79.2
[INFO] added 5 columns (total now=10)
[CG] iter 19  obj=120407.00
[INFO] μ stats: min=0 max=0 mean=0 l1=0; head[0, 0, 0, 0, 0, 0, 0, 0]
[INFO] μ̂ stats (stab α=0.9): min=0 max=0 mean=0 l1=0; head[0, 0, 0, 0, 0, 0, 0, 0]
[INFO] pricing summary → 0: DP rc=-355, 1: DP rc=-268, 2: DP rc=-314, 3: DP rc=-154, 4: DP rc=-79.2
[INFO] added 5 columns (total now=10)
[CG] iter 20  obj=120407.00
[INFO] μ stats: min=0 max=0 mean=0 l1=0; head[0, 0, 0, 0, 0, 0, 0, 0]
[INFO] μ̂ stats (stab α=0.9): min=0 max=0 mean=0 l1=0; head[0, 0, 0, 0, 0, 0, 0, 0]
[INFO] pricing summary → 0: DP rc=-355, 1: DP rc=-268, 2: DP rc=-314, 3: DP rc=-154, 4: DP rc=-79.2
[INFO] added 5 columns (total now=10)
[CG] iter 21  obj=120407.00
[INFO] μ stats: min=0 max=0 mean=0 l1=0; head[0, 0, 0, 0, 0, 0, 0, 0]
[INFO] μ̂ stats (stab α=0.9): min=0 max=0 mean=0 l1=0; head[0, 0, 0, 0, 0, 0, 0, 0]
[INFO] pricing summary → 0: DP rc=-355, 1: DP rc=-268, 2: DP rc=-314, 3: DP rc=-154, 4: DP rc=-79.2
[INFO] added 5 columns (total now=10)
[CG] iter 22  obj=120407.00
[INFO] μ stats: min=0 max=0 mean=0 l1=0; head[0, 0, 0, 0, 0, 0, 0, 0]
[INFO] μ̂ stats (stab α=0.9): min=0 max=0 mean=0 l1=0; head[0, 0, 0, 0, 0, 0, 0, 0]
[INFO] pricing summary → 0: DP rc=-355, 1: DP rc=-268, 2: DP rc=-314, 3: DP rc=-154, 4: DP rc=-79.2
[INFO] added 5 columns (total now=10)
[CG] iter 23  obj=120407.00
[INFO] μ stats: min=0 max=0 mean=0 l1=0; head[0, 0, 0, 0, 0, 0, 0, 0]
[INFO] μ̂ stats (stab α=0.9): min=0 max=0 mean=0 l1=0; head[0, 0, 0, 0, 0, 0, 0, 0]
[INFO] pricing summary → 0: DP rc=-355, 1: DP rc=-268, 2: DP rc=-314, 3: DP rc=-154, 4: DP rc=-79.2
[INFO] added 5 columns (total now=10)
[CG] iter 24  obj=120407.00
[INFO] μ stats: min=0 max=0 mean=0 l1=0; head[0, 0, 0, 0, 0, 0, 0, 0]
[INFO] μ̂ stats (stab α=0.9): min=0 max=0 mean=0 l1=0; head[0, 0, 0, 0, 0, 0, 0, 0]
[INFO] pricing summary → 0: DP rc=-355, 1: DP rc=-268, 2: DP rc=-314, 3: DP rc=-154, 4: DP rc=-79.2
[INFO] added 5 columns (total now=10)
[EARLY-STOP] CG stalled: < 5e-05 rel improvement for 12 iters.
[GAP] bound=120407.00  best=∞  gap=∞
[INFO] 0 fractional y entries
[INFO] restricted IP finished in 0.00s with obj=120407.00 status=2
[SOL] incumbent 120407.00 (restricted IP)
    [GAP] bound=120407.00  best=120407.00  gap=0.00%

Objective: 120407.00   (elapsed 9.09 s)

[FINAL] [GAP] bound=120407.00  best=120407.00  gap=-0.00%
[INFO] Backorders allowed: False
Item 0: pattern 1, y=[1, 0, 0, 0, 1, 1, 0, 1, 0, 1, 0, 1, 0, 1, 0, 1, 0, 1, 0, 1, 0, 1, 0, 1, 0, 1, 0, 1, 0, 1, 0, 0, 0, 0, 1, 0, 1, 0, 1, 0, 1, 0, 1, 0, 1, 0, 0, 0, 0, 1, 0, 1, 0, 0, 0, 1, 0, 1, 0, 1, 0, 0, 0, 0, 1, 0, 0, 0, 0, 0, 0, 0, 1, 0, 1, 0, 1, 0, 1, 0], q=[413, 0, 0, 0, 67, 256, 0, 182, 0, 215, 0, 206, 0, 166, 0, 109, 0, 219, 0, 224, 0, 318, 0, 193, 0, 106, 0, 206, 0, 552, 0, 0, 0, 0, 203, 0, 238, 0, 217, 0, 265, 0, 248, 0, 252, 0, 0, 0, 0, 288, 0, 516, 0, 0, 0, 284, 0, 149, 0, 518, 0, 0, 0, 0, 602, 0, 0, 0, 0, 0, 0, 0, 213, 0, 154, 0, 220, 0, 256, 0]
Item 1: pattern 1, y=[1, 1, 0, 0, 0, 0, 1, 1, 1, 1, 1, 0, 1, 0, 1, 1, 0, 1, 0, 1, 0, 1, 0, 1, 1, 1, 0, 1, 0, 1, 1, 1, 0, 1, 0, 1, 0, 1, 1, 1, 1, 1, 0, 1, 1, 0, 1, 0, 1, 1, 1, 1, 1, 1, 1, 1, 0, 1, 1, 1, 1, 0, 1, 0, 1, 1, 1, 1, 0, 1, 1, 1, 1, 0, 1, 1, 1, 1, 1, 1], q=[163, 493, 0, 0, 0, 0, 32, 163, 49, 156, 179, 0, 125, 0, 95, 40, 0, 162, 0, 98, 0, 216, 0, 123, 54, 203, 0, 180, 0, 140, 109, 185, 0, 85, 0, 76, 0, 166, 78, 90, 112, 63, 0, 129, 131, 0, 179, 0, 180, 101, 52, 67, 92, 188, 121, 190, 0, 179, 173, 53, 212, 0, 215, 0, 42, 88, 136, 96, 0, 153, 114, 171, 49, 0, 121, 175, 105, 146, 131, 80]
Item 2: pattern 1, y=[1, 0, 0, 0, 0, 1, 1, 0, 0, 0, 1, 0, 1, 1, 0, 1, 0, 1, 0, 1, 0, 1, 1, 0, 1, 0, 0, 0, 0, 1, 0, 0, 0, 0, 1, 1, 0, 1, 0, 1, 0, 1, 1, 0, 1, 0, 0, 0, 0, 1, 0, 1, 0, 1, 0, 1, 1, 0, 1, 1, 0, 1, 0, 1, 1, 0, 1, 1, 0, 1, 0, 1, 0, 0, 0, 0, 1, 0, 1, 0], q=[409, 0, 0, 0, 0, 103, 363, 0, 0, 0, 59, 0, 184, 195, 0, 309, 0, 183, 0, 80, 0, 156, 218, 0, 400, 0, 0, 0, 0, 412, 0, 0, 0, 0, 71, 146, 0, 101, 0, 302, 0, 167, 255, 0, 158, 0, 0, 0, 0, 64, 0, 242, 0, 224, 0, 94, 157, 0, 192, 336, 0, 295, 0, 183, 283, 0, 164, 208, 0, 184, 0, 380, 0, 0, 0, 0, 75, 0, 156, 0]
Item 3: pattern 1, y=[1, 0, 1, 1, 0, 1, 0, 1, 1, 0, 1, 0, 1, 0, 1, 0, 0, 0, 1, 0, 1, 0, 1, 0, 1, 1, 0, 1, 0, 1, 0, 1, 0, 0, 0, 1, 1, 0, 1, 0, 1, 1, 0, 1, 0, 1, 0, 1, 0, 1, 1, 0, 1, 0, 0, 0, 1, 1, 1, 0, 1, 0, 1, 0, 1, 1, 0, 1, 1, 0, 1, 1, 0, 1, 0, 0, 0, 0, 1, 0], q=[124, 0, 150, 242, 0, 161, 0, 92, 47, 0, 188, 0, 251, 0, 450, 0, 0, 0, 230, 0, 120, 0, 176, 0, 56, 198, 0, 78, 0, 215, 0, 299, 0, 0, 0, 153, 163, 0, 249, 0, 164, 284, 0, 261, 0, 257, 0, 256, 0, 163, 224, 0, 356, 0, 0, 0, 88, 181, 274, 0, 93, 0, 173, 0, 66, 195, 0, 98, 226, 0, 184, 302, 0, 200, 0, 0, 0, 0, 92, 0]
Item 4: pattern 1, y=[1, 0, 0, 0, 1, 1, 0, 0, 0, 0, 1, 0, 1, 0, 1, 0, 1, 1, 0, 0, 0, 1, 0, 1, 0, 1, 0, 1, 0, 1, 1, 0, 1, 0, 1, 0, 1, 1, 0, 1, 0, 1, 0, 1, 0, 1, 0, 1, 0, 1, 0, 1, 0, 1, 0, 1, 0, 1, 0, 1, 0, 1, 0, 1, 0, 1, 0, 1, 0, 1, 0, 1, 0, 1, 0, 0, 0, 0, 1, 0], q=[254, 0, 0, 0, 154, 465, 0, 0, 0, 0, 321, 0, 256, 0, 149, 0, 199, 371, 0, 0, 0, 337, 0, 278, 0, 249, 0, 199, 0, 175, 343, 0, 109, 0, 176, 0, 191, 207, 0, 182, 0, 111, 0, 210, 0, 243, 0, 209, 0, 182, 0, 23, 0, 191, 0, 141, 0, 317, 0, 203, 0, 83, 0, 360, 0, 329, 0, 314, 0, 238, 0, 109, 0, 424, 0, 0, 0, 0, 134, 0]

=== Detailed execution report (per item) ===

Item 0
 t | dem | ord | inv+ | back
---------------------------
 0 |  99 | 413 |  314 |    0
 1 | 195 |   0 |  119 |    0
 2 | 108 |   0 |   11 |    0
 3 |  11 |   0 |    0 |    0
 4 |  67 |  67 |    0 |    0
 5 | 131 | 256 |  125 |    0
 6 | 125 |   0 |    0 |    0
 7 | 104 | 182 |   78 |    0
 8 |  78 |   0 |    0 |    0
 9 | 123 | 215 |   92 |    0
10 |  92 |   0 |    0 |    0
11 | 150 | 206 |   56 |    0
12 |  56 |   0 |    0 |    0
13 | 130 | 166 |   36 |    0
14 |  36 |   0 |    0 |    0
15 |  73 | 109 |   36 |    0
16 |  36 |   0 |    0 |    0
17 | 194 | 219 |   25 |    0
18 |  25 |   0 |    0 |    0
19 | 159 | 224 |   65 |    0
20 |  65 |   0 |    0 |    0
21 | 137 | 318 |  181 |    0
22 | 181 |   0 |    0 |    0
23 | 155 | 193 |   38 |    0
24 |  38 |   0 |    0 |    0
25 |  80 | 106 |   26 |    0
26 |  26 |   0 |    0 |    0
27 | 187 | 206 |   19 |    0
28 |  19 |   0 |    0 |    0
29 | 176 | 552 |  376 |    0
30 |  85 |   0 |  291 |    0
31 | 121 |   0 |  170 |    0
32 | 144 |   0 |   26 |    0
33 |  26 |   0 |    0 |    0
34 |  91 | 203 |  112 |    0
35 | 112 |   0 |    0 |    0
36 |  81 | 238 |  157 |    0
37 | 157 |   0 |    0 |    0
38 | 164 | 217 |   53 |    0
39 |  53 |   0 |    0 |    0
40 | 142 | 265 |  123 |    0
41 | 123 |   0 |    0 |    0
42 | 114 | 248 |  134 |    0
43 | 134 |   0 |    0 |    0
44 |  67 | 252 |  185 |    0
45 |  16 |   0 |  169 |    0
46 | 141 |   0 |   28 |    0
47 |   4 |   0 |   24 |    0
48 |  24 |   0 |    0 |    0
49 | 185 | 288 |  103 |    0
50 | 103 |   0 |    0 |    0
51 | 182 | 516 |  334 |    0
52 | 172 |   0 |  162 |    0
53 | 161 |   0 |    1 |    0
54 |   1 |   0 |    0 |    0
55 | 157 | 284 |  127 |    0
56 | 127 |   0 |    0 |    0
57 |  86 | 149 |   63 |    0
58 |  63 |   0 |    0 |    0
59 | 187 | 518 |  331 |    0
60 |  84 |   0 |  247 |    0
61 | 181 |   0 |   66 |    0
62 |  17 |   0 |   49 |    0
63 |  49 |   0 |    0 |    0
64 | 146 | 602 |  456 |    0
65 |  57 |   0 |  399 |    0
66 |  62 |   0 |  337 |    0
67 |  37 |   0 |  300 |    0
68 | 140 |   0 |  160 |    0
69 | 115 |   0 |   45 |    0
70 |  24 |   0 |   21 |    0
71 |  21 |   0 |    0 |    0
72 |  82 | 213 |  131 |    0
73 | 131 |   0 |    0 |    0
74 | 126 | 154 |   28 |    0
75 |  28 |   0 |    0 |    0
76 |  78 | 220 |  142 |    0
77 | 142 |   0 |    0 |    0
78 |  75 | 256 |  181 |    0
79 | 181 |   0 |    0 |    0

Item 1
 t | dem | ord | inv+ | back
---------------------------
 0 | 163 | 163 |    0 |    0
 1 | 137 | 493 |  356 |    0
 2 | 155 |   0 |  201 |    0
 3 | 175 |   0 |   26 |    0
 4 |  19 |   0 |    7 |    0
 5 |   7 |   0 |    0 |    0
 6 |  32 |  32 |    0 |    0
 7 | 163 | 163 |    0 |    0
 8 |  49 |  49 |    0 |    0
 9 | 156 | 156 |    0 |    0
10 | 148 | 179 |   31 |    0
11 |  31 |   0 |    0 |    0
12 | 101 | 125 |   24 |    0
13 |  24 |   0 |    0 |    0
14 |  95 |  95 |    0 |    0
15 |  30 |  40 |   10 |    0
16 |  10 |   0 |    0 |    0
17 | 156 | 162 |    6 |    0
18 |   6 |   0 |    0 |    0
19 |  50 |  98 |   48 |    0
20 |  48 |   0 |    0 |    0
21 | 184 | 216 |   32 |    0
22 |  32 |   0 |    0 |    0
23 | 123 | 123 |    0 |    0
24 |  54 |  54 |    0 |    0
25 | 187 | 203 |   16 |    0
26 |  16 |   0 |    0 |    0
27 | 174 | 180 |    6 |    0
28 |   6 |   0 |    0 |    0
29 | 140 | 140 |    0 |    0
30 | 109 | 109 |    0 |    0
31 | 159 | 185 |   26 |    0
32 |  26 |   0 |    0 |    0
33 |  67 |  85 |   18 |    0
34 |  18 |   0 |    0 |    0
35 |  57 |  76 |   19 |    0
36 |  19 |   0 |    0 |    0
37 | 166 | 166 |    0 |    0
38 |  78 |  78 |    0 |    0
39 |  90 |  90 |    0 |    0
40 | 112 | 112 |    0 |    0
41 |  47 |  63 |   16 |    0
42 |  16 |   0 |    0 |    0
43 | 129 | 129 |    0 |    0
44 | 120 | 131 |   11 |    0
45 |  11 |   0 |    0 |    0
46 | 153 | 179 |   26 |    0
47 |  26 |   0 |    0 |    0
48 | 180 | 180 |    0 |    0
49 | 101 | 101 |    0 |    0
50 |  52 |  52 |    0 |    0
51 |  67 |  67 |    0 |    0
52 |  92 |  92 |    0 |    0
53 | 188 | 188 |    0 |    0
54 | 121 | 121 |    0 |    0
55 | 146 | 190 |   44 |    0
56 |  44 |   0 |    0 |    0
57 | 179 | 179 |    0 |    0
58 | 173 | 173 |    0 |    0
59 |  53 |  53 |    0 |    0
60 | 197 | 212 |   15 |    0
61 |  15 |   0 |    0 |    0
62 | 174 | 215 |   41 |    0
63 |  41 |   0 |    0 |    0
64 |  42 |  42 |    0 |    0
65 |  88 |  88 |    0 |    0
66 | 136 | 136 |    0 |    0
67 |  65 |  96 |   31 |    0
68 |  31 |   0 |    0 |    0
69 | 153 | 153 |    0 |    0
70 | 114 | 114 |    0 |    0
71 | 171 | 171 |    0 |    0
72 |  45 |  49 |    4 |    0
73 |   4 |   0 |    0 |    0
74 | 121 | 121 |    0 |    0
75 | 175 | 175 |    0 |    0
76 | 105 | 105 |    0 |    0
77 | 146 | 146 |    0 |    0
78 | 131 | 131 |    0 |    0
79 |  80 |  80 |    0 |    0

Item 2
 t | dem | ord | inv+ | back
---------------------------
 0 | 163 | 409 |  246 |    0
 1 |  22 |   0 |  224 |    0
 2 | 186 |   0 |   38 |    0
 3 |  34 |   0 |    4 |    0
 4 |   4 |   0 |    0 |    0
 5 | 103 | 103 |    0 |    0
 6 | 174 | 363 |  189 |    0
 7 | 107 |   0 |   82 |    0
 8 |  81 |   0 |    1 |    0
 9 |   1 |   0 |    0 |    0
10 |  55 |  59 |    4 |    0
11 |   4 |   0 |    0 |    0
12 | 184 | 184 |    0 |    0
13 | 194 | 195 |    1 |    0
14 |   1 |   0 |    0 |    0
15 | 173 | 309 |  136 |    0
16 | 136 |   0 |    0 |    0
17 | 157 | 183 |   26 |    0
18 |  26 |   0 |    0 |    0
19 |  49 |  80 |   31 |    0
20 |  31 |   0 |    0 |    0
21 | 156 | 156 |    0 |    0
22 | 167 | 218 |   51 |    0
23 |  51 |   0 |    0 |    0
24 |  78 | 400 |  322 |    0
25 |  72 |   0 |  250 |    0
26 | 177 |   0 |   73 |    0
27 |  47 |   0 |   26 |    0
28 |  26 |   0 |    0 |    0
29 | 122 | 412 |  290 |    0
30 | 102 |   0 |  188 |    0
31 | 161 |   0 |   27 |    0
32 |  21 |   0 |    6 |    0
33 |   6 |   0 |    0 |    0
34 |  71 |  71 |    0 |    0
35 | 116 | 146 |   30 |    0
36 |  30 |   0 |    0 |    0
37 |  66 | 101 |   35 |    0
38 |  35 |   0 |    0 |    0
39 | 168 | 302 |  134 |    0
40 | 134 |   0 |    0 |    0
41 | 167 | 167 |    0 |    0
42 | 166 | 255 |   89 |    0
43 |  89 |   0 |    0 |    0
44 |  30 | 158 |  128 |    0
45 |  40 |   0 |   88 |    0
46 |  72 |   0 |   16 |    0
47 |   5 |   0 |   11 |    0
48 |  11 |   0 |    0 |    0
49 |  11 |  64 |   53 |    0
50 |  53 |   0 |    0 |    0
51 | 175 | 242 |   67 |    0
52 |  67 |   0 |    0 |    0
53 | 143 | 224 |   81 |    0
54 |  81 |   0 |    0 |    0
55 |  94 |  94 |    0 |    0
56 | 146 | 157 |   11 |    0
57 |  11 |   0 |    0 |    0
58 | 192 | 192 |    0 |    0
59 | 180 | 336 |  156 |    0
60 | 156 |   0 |    0 |    0
61 | 168 | 295 |  127 |    0
62 | 127 |   0 |    0 |    0
63 | 183 | 183 |    0 |    0
64 | 165 | 283 |  118 |    0
65 | 118 |   0 |    0 |    0
66 | 164 | 164 |    0 |    0
67 | 112 | 208 |   96 |    0
68 |  96 |   0 |    0 |    0
69 | 138 | 184 |   46 |    0
70 |  46 |   0 |    0 |    0
71 |  54 | 380 |  326 |    0
72 |  97 |   0 |  229 |    0
73 | 151 |   0 |   78 |    0
74 |  75 |   0 |    3 |    0
75 |   3 |   0 |    0 |    0
76 |  36 |  75 |   39 |    0
77 |  39 |   0 |    0 |    0
78 |  70 | 156 |   86 |    0
79 |  86 |   0 |    0 |    0

Item 3
 t | dem | ord | inv+ | back
---------------------------
 0 |  57 | 124 |   67 |    0
 1 |  67 |   0 |    0 |    0
 2 | 150 | 150 |    0 |    0
 3 | 199 | 242 |   43 |    0
 4 |  43 |   0 |    0 |    0
 5 | 111 | 161 |   50 |    0
 6 |  50 |   0 |    0 |    0
 7 |  92 |  92 |    0 |    0
 8 |  30 |  47 |   17 |    0
 9 |  17 |   0 |    0 |    0
10 | 180 | 188 |    8 |    0
11 |   8 |   0 |    0 |    0
12 | 135 | 251 |  116 |    0
13 | 116 |   0 |    0 |    0
14 | 193 | 450 |  257 |    0
15 | 174 |   0 |   83 |    0
16 |  52 |   0 |   31 |    0
17 |  31 |   0 |    0 |    0
18 | 128 | 230 |  102 |    0
19 | 102 |   0 |    0 |    0
20 |  66 | 120 |   54 |    0
21 |  54 |   0 |    0 |    0
22 | 165 | 176 |   11 |    0
23 |  11 |   0 |    0 |    0
24 |  56 |  56 |    0 |    0
25 | 160 | 198 |   38 |    0
26 |  38 |   0 |    0 |    0
27 |  27 |  78 |   51 |    0
28 |  51 |   0 |    0 |    0
29 | 118 | 215 |   97 |    0
30 |  97 |   0 |    0 |    0
31 |  93 | 299 |  206 |    0
32 | 140 |   0 |   66 |    0
33 |  39 |   0 |   27 |    0
34 |  27 |   0 |    0 |    0
35 | 153 | 153 |    0 |    0
36 | 125 | 163 |   38 |    0
37 |  38 |   0 |    0 |    0
38 | 145 | 249 |  104 |    0
39 | 104 |   0 |    0 |    0
40 | 164 | 164 |    0 |    0
41 | 175 | 284 |  109 |    0
42 | 109 |   0 |    0 |    0
43 | 134 | 261 |  127 |    0
44 | 127 |   0 |    0 |    0
45 | 174 | 257 |   83 |    0
46 |  83 |   0 |    0 |    0
47 | 128 | 256 |  128 |    0
48 | 128 |   0 |    0 |    0
49 | 163 | 163 |    0 |    0
50 | 172 | 224 |   52 |    0
51 |  52 |   0 |    0 |    0
52 | 139 | 356 |  217 |    0
53 | 157 |   0 |   60 |    0
54 |  57 |   0 |    3 |    0
55 |   3 |   0 |    0 |    0
56 |  88 |  88 |    0 |    0
57 | 181 | 181 |    0 |    0
58 | 192 | 274 |   82 |    0
59 |  82 |   0 |    0 |    0
60 |  83 |  93 |   10 |    0
61 |  10 |   0 |    0 |    0
62 | 135 | 173 |   38 |    0
63 |  38 |   0 |    0 |    0
64 |  66 |  66 |    0 |    0
65 | 155 | 195 |   40 |    0
66 |  40 |   0 |    0 |    0
67 |  98 |  98 |    0 |    0
68 | 150 | 226 |   76 |    0
69 |  76 |   0 |    0 |    0
70 | 184 | 184 |    0 |    0
71 | 181 | 302 |  121 |    0
72 | 121 |   0 |    0 |    0
73 |  17 | 200 |  183 |    0
74 |  22 |   0 |  161 |    0
75 | 133 |   0 |   28 |    0
76 |  11 |   0 |   17 |    0
77 |  17 |   0 |    0 |    0
78 |  58 |  92 |   34 |    0
79 |  34 |   0 |    0 |    0

Item 4
 t | dem | ord | inv+ | back
---------------------------
 0 | 200 | 254 |   54 |    0
 1 |  39 |   0 |   15 |    0
 2 |   6 |   0 |    9 |    0
 3 |   9 |   0 |    0 |    0
 4 | 154 | 154 |    0 |    0
 5 | 159 | 465 |  306 |    0
 6 |  34 |   0 |  272 |    0
 7 | 162 |   0 |  110 |    0
 8 |  83 |   0 |   27 |    0
 9 |  27 |   0 |    0 |    0
10 | 180 | 321 |  141 |    0
11 | 141 |   0 |    0 |    0
12 | 167 | 256 |   89 |    0
13 |  89 |   0 |    0 |    0
14 |  50 | 149 |   99 |    0
15 |  99 |   0 |    0 |    0
16 | 199 | 199 |    0 |    0
17 | 200 | 371 |  171 |    0
18 | 126 |   0 |   45 |    0
19 |  29 |   0 |   16 |    0
20 |  16 |   0 |    0 |    0
21 | 157 | 337 |  180 |    0
22 | 180 |   0 |    0 |    0
23 | 120 | 278 |  158 |    0
24 | 158 |   0 |    0 |    0
25 | 162 | 249 |   87 |    0
26 |  87 |   0 |    0 |    0
27 | 167 | 199 |   32 |    0
28 |  32 |   0 |    0 |    0
29 | 175 | 175 |    0 |    0
30 | 183 | 343 |  160 |    0
31 | 160 |   0 |    0 |    0
32 |  76 | 109 |   33 |    0
33 |  33 |   0 |    0 |    0
34 | 100 | 176 |   76 |    0
35 |  76 |   0 |    0 |    0
36 | 191 | 191 |    0 |    0
37 | 175 | 207 |   32 |    0
38 |  32 |   0 |    0 |    0
39 | 133 | 182 |   49 |    0
40 |  49 |   0 |    0 |    0
41 |  10 | 111 |  101 |    0
42 | 101 |   0 |    0 |    0
43 | 114 | 210 |   96 |    0
44 |  96 |   0 |    0 |    0
45 | 194 | 243 |   49 |    0
46 |  49 |   0 |    0 |    0
47 | 117 | 209 |   92 |    0
48 |  92 |   0 |    0 |    0
49 | 162 | 182 |   20 |    0
50 |  20 |   0 |    0 |    0
51 |  12 |  23 |   11 |    0
52 |  11 |   0 |    0 |    0
53 | 125 | 191 |   66 |    0
54 |  66 |   0 |    0 |    0
55 |   7 | 141 |  134 |    0
56 | 134 |   0 |    0 |    0
57 | 171 | 317 |  146 |    0
58 | 146 |   0 |    0 |    0
59 | 147 | 203 |   56 |    0
60 |  56 |   0 |    0 |    0
61 |  59 |  83 |   24 |    0
62 |  24 |   0 |    0 |    0
63 | 199 | 360 |  161 |    0
64 | 161 |   0 |    0 |    0
65 | 200 | 329 |  129 |    0
66 | 129 |   0 |    0 |    0
67 | 179 | 314 |  135 |    0
68 | 135 |   0 |    0 |    0
69 | 108 | 238 |  130 |    0
70 | 130 |   0 |    0 |    0
71 |  79 | 109 |   30 |    0
72 |  30 |   0 |    0 |    0
73 |  38 | 424 |  386 |    0
74 | 110 |   0 |  276 |    0
75 | 145 |   0 |  131 |    0
76 | 109 |   0 |   22 |    0
77 |  22 |   0 |    0 |    0
78 |  27 | 134 |  107 |    0
79 | 107 |   0 |    0 |    0

=== Capacity audit (selected patterns) ===
 t | used | cap | slack
------------------------
 0 | 1363 | 11800 | 10437
 1 |  493 | 11800 | 11307
 2 |  150 | 11800 | 11650
 3 |  242 | 11800 | 11558
 4 |  221 | 11800 | 11579
 5 |  985 | 11800 | 10815
 6 |  395 | 11800 | 11405
 7 |  437 | 11800 | 11363
 8 |   96 | 11800 | 11704
 9 |  371 | 11800 | 11429
10 |  747 | 11800 | 11053
11 |  206 | 11800 | 11594
12 |  816 | 11800 | 10984
13 |  361 | 11800 | 11439
14 |  694 | 11800 | 11106
15 |  458 | 11800 | 11342
16 |  199 | 11800 | 11601
17 |  935 | 11800 | 10865
18 |  230 | 11800 | 11570
19 |  402 | 11800 | 11398
20 |  120 | 11800 | 11680
21 | 1027 | 11800 | 10773
22 |  394 | 11800 | 11406
23 |  594 | 11800 | 11206
24 |  510 | 11800 | 11290
25 |  756 | 11800 | 11044
26 |    0 | 11800 | 11800
27 |  663 | 11800 | 11137
28 |    0 | 11800 | 11800
29 | 1494 | 11800 | 10306
30 |  452 | 11800 | 11348
31 |  484 | 11800 | 11316
32 |  109 | 11800 | 11691
33 |   85 | 11800 | 11715
34 |  450 | 11800 | 11350
35 |  375 | 11800 | 11425
36 |  592 | 11800 | 11208
37 |  474 | 11800 | 11326
38 |  544 | 11800 | 11256
39 |  574 | 11800 | 11226
40 |  541 | 11800 | 11259
41 |  625 | 11800 | 11175
42 |  503 | 11800 | 11297
43 |  600 | 11800 | 11200
44 |  541 | 11800 | 11259
45 |  500 | 11800 | 11300
46 |  179 | 11800 | 11621
47 |  465 | 11800 | 11335
48 |  180 | 11800 | 11620
49 |  798 | 11800 | 11002
50 |  276 | 11800 | 11524
51 |  848 | 11800 | 10952
52 |  448 | 11800 | 11352
53 |  603 | 11800 | 11197
54 |  121 | 11800 | 11679
55 |  709 | 11800 | 11091
56 |  245 | 11800 | 11555
57 |  826 | 11800 | 10974
58 |  639 | 11800 | 11161
59 | 1110 | 11800 | 10690
60 |  305 | 11800 | 11495
61 |  378 | 11800 | 11422
62 |  388 | 11800 | 11412
63 |  543 | 11800 | 11257
64 |  993 | 11800 | 10807
65 |  612 | 11800 | 11188
66 |  300 | 11800 | 11500
67 |  716 | 11800 | 11084
68 |  226 | 11800 | 11574
69 |  575 | 11800 | 11225
70 |  298 | 11800 | 11502
71 |  962 | 11800 | 10838
72 |  262 | 11800 | 11538
73 |  624 | 11800 | 11176
74 |  275 | 11800 | 11525
75 |  175 | 11800 | 11625
76 |  400 | 11800 | 11400
77 |  146 | 11800 | 11654
78 |  769 | 11800 | 11031
79 |   80 | 11800 | 11720

Objective: 120407.00   (elapsed 9.09 s)

