113 0 120 0 122 119 92 94 79 108 102 112 84 89 105 97 83 112 116 117
96 0 85 111 101 83 106 90 119 96 120 114 97 98 108 102 82 99 123 110
100 112 116 77 112 112 97 96 80 114 120 112 109 123 78 105 92 103 107 99
0 0 0 0 80 106 107 101 78 107 112 109 94 90 123 83 101 101 88 97
0 0 94 101 104 92 88 83 92 77 110 84 79 108 110 100 86 103 86 88
106 113 0 0 83 111 111 80 93 124 117 97 100 117 80 84 122 83 122 85
96 0 78 0 78 114 104 78 91 124 111 115 77 81 91 92 81 87 83 116
0 0 0 83 120 120 85 97 84 122 87 79 102 90 122 87 86 120 118 102
118 0 0 0 96 103 116 117 87 91 122 96 99 113 91 118 83 116 87 119
0 0 0 93 103 116 107 115 110 115 123 106 106 96 114 104 122 112 121 109
