0 0 0 76 123 88 113 104 118 79 120 92 99 97 85 84 120 109 75 113
94 79 0 0 77 101 108 114 92 96 113 118 97 111 123 98 100 80 104 121
0 122 91 109 123 94 121 118 93 103 117 78 112 81 96 122 122 77 87 95
78 96 108 0 122 111 84 120 97 94 98 96 87 117 102 109 96 86 103 84
0 84 113 119 121 101 102 124 109 94 82 115 121 101 90 80 86 75 119 107
110 0 0 0 97 97 95 82 120 86 120 81 115 77 111 104 87 123 103 116
117 103 0 0 124 99 105 96 115 119 103 87 75 85 86 85 96 89 98 87
91 99 118 0 75 86 84 76 110 117 93 91 75 118 94 91 77 120 93 107
77 115 0 0 110 112 103 75 114 102 88 110 124 121 80 122 78 98 101 95
0 119 86 0 112 77 101 111 75 106 118 123 96 76 112 83 122 111 76 118
