82 117 0 0 111 99 84 93 93 108 89 117 87 99 118 84 103 109 102 121
103 0 95 96 110 112 105 123 112 93 84 121 104 106 93 121 98 123 89 88
112 84 82 124 98 123 112 105 117 106 103 111 78 115 97 100 117 105 101 110
0 0 93 86 83 104 76 102 75 106 95 76 98 106 111 111 105 82 90 94
0 0 0 0 101 102 124 99 85 85 121 85 122 97 84 85 75 86 95 120
0 122 110 84 95 80 86 98 84 77 103 76 110 86 82 90 77 81 101 75
119 0 85 0 89 123 98 124 87 96 85 89 89 78 84 78 79 106 118 111
103 76 102 0 79 93 98 94 113 120 93 97 99 88 112 99 83 92 109 124
0 94 77 0 123 83 82 110 76 88 85 118 75 75 94 84 82 79 91 97
103 0 0 103 104 88 118 76 120 89 100 100 98 111 102 95 93 123 90 103
