0 77 0 0 102 90 82 111 95 82 121 97 91 93 99 91 104 110 82 109
0 114 82 122 124 80 113 109 80 106 76 118 99 115 121 106 90 107 113 105
0 120 103 0 91 123 120 111 102 83 110 95 109 83 122 123 122 111 120 82
77 0 112 0 76 91 83 120 124 92 107 81 106 119 113 103 96 109 83 92
114 89 0 95 87 101 109 101 118 92 88 86 94 97 85 92 85 113 82 100
0 124 81 90 87 122 87 101 118 92 92 85 94 90 120 108 75 80 97 87
121 114 0 114 88 81 95 122 110 90 93 88 108 100 83 79 87 97 79 109
0 98 0 0 90 88 121 87 119 111 75 109 115 121 83 99 91 94 110 97
0 0 0 95 96 91 106 115 104 79 111 95 123 114 98 119 105 116 76 89
0 0 0 121 102 102 97 87 103 80 119 77 113 119 123 85 113 105 93 96
