81 95 119 0 105 90 122 108 93 95 81 97 83 106 121 98 88 79 88 93
0 114 98 0 83 111 78 120 98 88 102 101 82 119 99 95 112 87 121 80
97 0 118 87 99 85 86 122 118 77 120 103 89 107 107 86 112 111 105 92
122 0 0 87 78 119 114 118 86 120 92 109 97 118 123 112 102 107 95 123
115 0 0 0 92 122 89 113 88 105 81 124 116 96 94 79 92 83 82 87
0 0 97 0 86 101 121 81 104 79 79 88 87 96 95 117 93 80 118 111
104 0 0 97 87 117 95 98 118 119 92 86 84 81 89 120 118 83 92 110
0 98 123 0 96 81 90 101 118 80 81 121 124 123 87 79 123 121 120 122
0 121 0 106 79 122 90 91 110 75 81 78 108 83 119 87 90 105 119 120
0 0 113 0 112 75 79 78 94 76 107 101 112 116 102 107 82 96 107 98
