121 0 0 119 86 79 116 75 98 82 116 117 90 83 111 105 78 106 76 96
0 0 0 88 87 117 109 120 117 118 92 90 86 75 112 121 96 106 89 107
0 0 0 0 94 122 76 118 105 92 82 105 105 103 104 104 111 110 97 94
96 109 0 113 121 114 124 124 99 96 114 97 88 76 82 84 118 86 123 85
0 77 87 0 85 86 87 123 107 115 76 123 79 96 97 90 87 104 93 95
110 108 0 0 113 123 124 97 93 110 115 97 78 123 82 79 122 78 114 89
93 0 0 0 89 92 89 81 109 89 83 108 103 84 102 115 75 79 80 109
0 0 91 0 102 78 112 96 124 96 96 89 97 89 111 104 96 115 82 85
0 81 0 0 90 93 101 82 90 112 115 110 85 77 118 85 92 111 75 123
91 0 98 99 92 94 86 110 92 119 110 83 121 113 88 91 85 120 106 102
