76 123 109 0 79 122 97 96 94 79 120 82 78 90 124 81 113 118 98 89
0 101 0 0 106 109 85 114 88 96 116 93 117 106 118 123 91 91 111 92
84 0 117 117 109 108 93 83 110 103 85 109 78 110 118 83 105 98 122 91
100 79 78 0 106 103 84 104 102 118 101 75 99 111 115 85 96 110 117 112
0 108 77 0 87 103 96 111 109 75 79 96 79 108 94 112 90 119 75 88
84 122 110 106 86 117 104 79 105 104 124 88 119 109 79 82 109 123 84 122
94 0 0 0 85 119 78 104 114 82 108 95 80 114 76 87 122 87 124 114
0 77 0 76 80 77 99 97 86 100 88 120 99 106 92 83 81 84 113 111
0 0 0 112 110 82 121 79 97 97 102 92 113 76 114 118 105 116 114 79
85 0 95 117 77 100 101 85 92 109 105 108 102 122 107 85 82 117 104 101
