0 0 0 119 90 114 80 97 92 110 92 95 108 101 108 77 81 112 107 75
0 118 117 0 89 82 123 103 93 88 92 87 122 98 122 75 111 86 105 113
75 0 0 111 75 96 95 90 96 83 119 97 110 82 111 99 122 89 122 80
0 0 106 104 96 76 119 81 100 109 109 88 85 94 95 107 111 111 82 97
80 0 0 111 88 92 93 121 82 85 105 84 75 115 92 98 119 88 83 96
81 106 0 0 98 113 119 75 103 81 86 110 80 77 114 108 91 111 110 99
0 0 80 78 83 105 105 77 111 117 115 83 103 112 88 80 86 104 97 99
0 102 93 77 96 124 105 84 113 102 90 111 85 109 81 82 94 109 103 103
0 0 0 113 119 120 90 108 90 82 88 93 122 86 93 124 76 92 90 120
0 0 93 111 106 78 114 118 78 89 118 106 88 109 113 124 110 91 82 89
