0 113 0 87 86 108 104 111 121 97 111 86 122 82 88 103 105 101 119 102
0 78 0 116 118 122 115 123 108 86 122 102 82 82 78 86 110 113 86 98
0 0 0 0 110 105 102 94 82 121 114 123 90 98 78 104 121 90 81 122
0 0 113 0 115 116 98 120 95 80 108 106 102 89 109 83 87 124 112 111
117 0 0 83 111 120 96 78 117 108 91 84 84 108 85 102 122 111 76 122
114 0 0 0 93 92 118 82 108 105 95 96 121 77 102 101 77 102 124 84
122 114 110 0 104 80 79 85 87 93 90 108 97 89 80 88 86 102 89 100
0 0 103 96 98 99 75 121 124 98 89 99 102 89 76 85 118 92 87 82
0 78 0 98 109 109 82 90 88 87 119 108 105 77 82 111 107 112 120 77
122 79 78 89 90 104 121 88 110 101 90 75 113 108 111 83 105 102 115 124
