0 0 90 84 87 84 83 83 83 105 111 104 96 104 86 87 122 80 113 92
0 115 88 0 118 112 110 96 103 117 102 101 101 112 100 84 85 120 116 81
0 0 115 75 105 99 99 122 100 77 103 100 103 107 108 117 78 75 112 86
0 98 78 116 91 103 87 95 102 121 124 91 113 123 119 78 105 110 122 80
0 100 88 0 111 122 121 108 84 112 106 101 92 95 116 98 107 113 106 108
0 0 0 110 99 97 114 104 76 78 81 77 86 102 96 120 101 94 113 109
114 0 0 0 112 115 119 91 99 94 75 89 111 97 110 80 79 118 101 113
0 0 0 0 96 79 121 98 98 99 118 89 122 111 81 85 100 90 108 102
112 89 103 117 110 78 96 108 118 108 111 83 87 110 95 92 124 93 111 112
103 92 0 0 107 100 91 108 89 104 93 91 118 121 82 75 106 88 123 101
