95 82 0 120 91 80 99 98 79 104 122 98 123 104 95 79 86 94 96 83
0 0 0 0 111 118 113 100 108 79 92 96 102 81 124 98 115 124 114 76
106 111 0 0 80 120 101 118 119 86 92 120 113 95 116 110 95 103 101 111
80 100 0 76 110 121 77 93 123 98 84 86 106 77 104 119 105 109 99 112
0 115 97 113 118 89 118 105 101 103 76 102 81 82 103 103 90 124 90 104
0 0 116 122 97 112 92 76 86 80 102 119 81 97 109 121 91 86 78 109
0 0 83 123 119 103 95 105 119 120 111 89 102 82 99 94 77 75 108 90
99 75 0 0 100 101 109 79 113 78 97 105 121 75 75 77 91 122 81 83
78 98 0 122 82 104 108 98 107 79 121 110 96 117 122 123 96 79 86 87
109 0 96 0 79 91 75 117 86 117 86 90 95 100 81 115 99 95 85 120
