113 85 0 76 90 104 115 83 113 92 87 114 88 121 108 75 92 83 93 75
0 79 0 100 114 113 97 122 99 100 115 82 82 122 105 91 89 97 116 101
121 107 119 0 100 115 117 105 93 112 81 100 104 86 114 119 104 124 113 112
104 113 84 0 121 86 118 114 123 87 115 97 117 88 114 124 105 105 121 108
88 0 116 100 115 116 94 83 98 122 88 107 108 101 122 109 99 96 91 98
0 98 124 0 123 100 104 81 116 120 122 109 91 96 114 120 82 91 122 78
96 76 107 100 109 102 113 89 101 95 116 117 122 94 113 119 108 103 108 124
75 112 106 76 124 110 90 104 112 120 76 77 92 98 112 100 95 81 78 112
0 0 0 117 117 90 106 107 106 95 119 91 112 84 116 104 112 101 121 109
116 0 0 0 111 80 105 84 94 123 106 104 102 105 99 122 77 109 102 86
