121 85 81 0 80 106 81 110 105 99 93 110 95 112 103 110 121 96 103 108
99 0 0 108 89 112 106 97 115 107 106 105 105 84 95 114 90 97 120 118
0 0 0 77 112 90 91 106 116 93 112 104 116 96 75 79 121 112 85 116
82 107 0 0 105 89 89 100 100 109 121 78 100 109 101 82 91 89 94 101
0 104 0 112 82 119 112 105 103 94 98 102 78 82 110 124 97 108 89 107
123 96 117 94 94 89 104 100 112 102 104 95 76 82 124 79 103 75 86 107
105 95 111 0 114 105 106 86 92 105 113 80 102 103 105 108 112 102 119 84
0 0 108 0 98 110 99 98 113 108 116 107 116 114 96 118 95 116 113 91
0 0 0 109 79 118 123 105 110 108 89 98 116 106 113 83 106 123 104 87
0 0 99 0 79 99 83 89 105 82 123 115 98 123 75 79 94 81 93 103
