106 108 75 81 88 76 75 123 92 116 75 99 106 118 91 122 111 106 121 92
121 0 75 0 111 81 106 83 109 112 104 84 123 91 88 118 91 95 124 118
95 0 0 103 103 96 92 89 87 123 85 93 105 123 108 85 95 122 123 103
85 83 0 0 105 86 79 86 113 82 114 91 79 89 85 113 84 85 94 81
0 0 101 0 105 101 121 112 76 107 94 88 120 101 88 93 103 81 118 77
0 0 0 0 113 123 95 84 93 80 86 107 88 91 112 107 97 119 96 77
110 99 118 0 77 89 110 99 111 94 77 82 87 95 111 119 85 109 116 122
94 93 122 0 106 100 118 120 108 79 85 123 81 96 93 98 97 102 115 112
0 119 108 0 75 82 98 90 114 106 113 78 99 83 82 99 101 120 111 123
0 0 0 0 112 77 102 102 113 104 89 104 98 119 76 106 75 95 95 85
