0 95 110 89 112 88 107 82 121 75 97 114 106 98 121 76 94 106 119 102
111 124 80 0 104 100 78 98 89 103 81 95 121 75 112 81 114 89 101 95
0 0 112 107 102 92 78 85 87 81 94 96 116 124 110 106 123 98 113 82
0 0 81 93 107 77 118 106 115 96 75 87 105 94 115 86 96 78 111 87
0 0 112 82 94 85 80 110 85 86 81 110 83 82 81 80 77 90 110 82
0 0 0 0 87 117 77 81 111 82 106 108 99 97 81 108 106 90 124 110
114 93 120 0 108 115 97 95 81 112 94 123 77 85 108 107 119 77 106 100
0 82 0 95 94 77 123 82 84 113 118 112 111 93 93 79 88 103 77 79
0 76 0 0 81 107 94 111 78 104 97 118 100 78 80 83 93 106 79 110
110 120 97 0 115 83 121 110 108 123 94 108 89 107 91 82 106 107 78 124
