85 0 120 111 103 123 107 109 81 77 77 107 82 75 92 86 95 114 110 95
78 118 91 0 117 114 116 119 88 91 115 118 77 82 106 89 115 119 91 104
98 0 79 0 122 81 88 86 98 97 124 117 75 112 112 112 121 94 79 81
0 0 122 0 115 94 120 106 83 99 116 106 100 112 98 101 121 101 104 122
0 0 0 0 89 117 100 95 102 87 83 81 113 98 119 90 84 124 99 123
0 118 0 76 81 92 98 102 96 119 93 79 98 100 94 91 110 92 112 87
93 77 120 80 88 99 87 124 111 104 98 94 113 87 123 83 80 104 97 109
0 0 77 0 98 103 101 117 118 103 88 88 84 115 124 78 119 105 118 99
0 116 76 0 77 121 108 86 89 81 108 88 89 79 82 118 119 92 121 101
0 112 0 93 115 116 85 121 107 105 84 79 80 76 98 83 111 119 106 86
