0 124 0 0 117 77 121 108 116 100 100 119 108 86 75 89 109 112 108 102
0 95 95 112 95 82 81 102 106 94 78 102 104 94 119 115 80 121 118 117
112 0 0 0 92 101 88 79 113 113 102 114 109 79 119 121 99 98 110 80
0 0 104 110 118 104 97 93 102 91 97 87 93 103 110 75 115 80 94 116
0 96 0 0 107 111 75 88 111 89 116 107 114 92 81 78 108 76 93 99
0 0 99 0 83 80 108 116 122 110 108 89 104 110 99 87 85 91 77 101
0 106 0 82 76 110 107 77 113 93 100 117 93 111 105 124 107 104 77 88
95 0 105 0 111 121 123 104 77 84 88 77 104 83 106 81 111 89 121 105
0 0 0 110 112 116 76 115 79 117 111 120 122 101 93 92 107 93 104 118
101 0 85 0 81 80 92 124 77 123 110 102 86 92 94 109 103 97 115 113
