121 94 82 82 106 116 88 91 103 119 121 104 112 111 93 78 112 97 90 119
110 124 0 0 82 121 98 108 84 119 112 93 117 113 75 116 116 84 114 93
0 0 0 90 113 94 81 83 90 112 85 107 75 113 119 117 94 84 104 95
0 81 123 111 116 83 111 101 87 96 78 115 85 100 110 75 120 97 86 99
79 0 0 0 117 80 122 88 105 81 104 79 78 101 114 109 106 117 124 100
0 78 0 0 91 83 85 84 83 81 103 120 106 104 123 105 80 88 94 86
110 0 80 0 108 76 106 111 116 106 89 84 112 92 121 114 97 111 112 97
0 0 0 0 110 111 102 89 82 83 98 95 94 121 114 86 102 103 111 98
99 0 0 95 94 108 94 117 80 119 122 98 105 97 120 121 83 111 116 85
0 90 0 0 89 109 122 124 91 87 85 100 96 104 78 76 93 108 108 109
