80 121 0 93 82 112 119 84 116 88 118 80 98 95 109 77 87 94 116 107
0 77 0 89 91 101 109 111 95 82 97 121 113 75 100 101 76 103 79 120
77 92 120 0 96 90 78 91 78 96 97 87 112 123 78 95 117 108 90 101
97 0 0 0 117 91 108 90 116 75 104 95 92 90 81 86 97 94 75 80
0 75 0 0 94 84 84 92 118 113 118 78 95 107 80 117 106 105 91 85
0 0 0 112 116 81 103 82 78 85 92 118 101 109 101 103 81 121 111 92
0 80 0 86 80 81 94 108 120 101 118 82 120 97 122 111 103 96 99 124
0 96 0 0 98 106 117 96 88 120 82 116 124 92 87 91 123 123 86 114
85 97 88 104 105 85 88 113 94 78 92 83 107 75 94 95 78 77 86 76
0 0 0 112 119 81 88 75 108 107 109 93 109 100 120 91 83 77 90 109
