81 116 122 0 98 101 122 85 115 75 112 94 96 114 92 95 122 90 120 107
82 0 79 124 103 75 115 122 112 122 75 106 83 96 118 120 118 110 79 107
0 0 0 0 83 105 118 94 102 82 121 76 90 119 77 122 108 79 113 107
0 108 0 0 85 87 80 78 95 116 120 77 94 83 90 91 107 87 95 110
0 114 0 111 111 94 83 123 104 79 105 122 91 96 97 88 97 109 77 79
93 119 114 0 87 118 79 110 105 117 122 118 105 112 108 105 83 105 87 110
0 124 121 0 122 123 123 84 99 120 109 106 93 97 113 122 79 84 75 76
0 0 0 0 124 110 99 113 105 106 81 95 100 87 111 108 79 78 113 89
122 97 0 0 116 82 94 104 84 108 82 103 102 85 115 122 110 108 78 104
0 0 0 94 85 104 76 99 81 96 108 99 111 122 97 88 75 124 85 101
