0 120 0 85 111 99 123 107 89 102 114 105 81 93 111 78 86 92 84 119
0 81 0 99 106 114 115 118 100 124 124 122 91 123 108 124 123 114 86 104
112 93 96 116 99 83 113 122 84 115 96 104 115 79 109 118 83 106 108 77
0 0 0 95 78 79 103 86 112 104 98 111 97 109 87 118 114 104 104 120
0 118 121 99 83 79 92 109 95 105 93 124 121 75 118 111 119 123 107 101
118 0 0 0 98 112 85 113 106 94 99 79 115 95 100 99 118 124 107 105
0 112 0 0 77 90 107 78 120 83 118 75 122 77 86 110 108 106 84 116
0 0 0 107 86 83 106 103 114 78 77 90 108 115 108 106 108 102 88 101
88 99 0 85 123 84 83 103 99 118 118 114 77 122 101 82 79 92 121 109
0 0 0 117 85 108 84 87 118 77 88 98 92 82 120 88 76 114 110 118
