0 113 81 93 115 87 109 91 99 107 108 85 82 120 108 87 97 81 87 122
0 0 90 0 85 104 95 78 94 82 109 88 82 97 112 89 93 121 109 122
87 89 106 0 107 78 79 117 120 100 92 111 103 83 104 104 78 76 103 101
116 0 105 0 109 123 102 81 104 97 87 101 111 112 86 100 111 107 121 116
0 85 0 94 75 112 83 117 120 110 117 100 111 100 118 122 90 96 90 103
0 106 90 0 116 114 119 101 82 100 92 88 79 86 111 119 96 94 94 123
106 0 0 78 98 112 94 101 75 99 82 90 77 76 100 110 102 121 89 76
106 96 112 0 91 86 75 96 115 120 85 95 99 79 92 88 89 86 90 118
0 0 0 0 98 113 105 116 89 114 124 94 84 90 105 118 105 119 91 106
97 0 113 96 104 82 90 117 114 80 98 79 98 124 81 86 113 120 82 118
