0 0 76 0 113 94 90 82 86 100 116 123 92 105 96 85 102 117 83 119
115 120 124 0 113 97 102 86 94 119 93 92 90 106 86 94 87 85 114 110
101 89 82 123 94 80 83 124 76 103 88 108 87 117 110 90 122 117 112 106
0 98 120 0 94 112 94 97 87 99 91 82 107 102 118 118 121 112 88 110
86 0 0 112 87 82 110 103 88 121 104 117 92 79 120 75 124 86 98 107
0 0 0 101 76 87 95 86 93 120 94 89 79 97 75 103 97 114 82 111
121 0 0 91 120 84 99 77 111 75 81 115 93 108 82 77 99 85 91 109
0 0 0 119 115 117 78 87 82 110 119 117 83 112 115 100 89 117 104 113
0 87 75 123 108 124 113 77 75 115 109 78 117 83 83 93 81 116 90 80
96 0 0 0 78 103 106 80 107 87 107 102 79 92 117 109 83 110 99 115
