0 122 0 107 115 87 75 92 80 107 85 117 124 115 83 119 95 81 104 101
0 75 105 102 96 96 107 104 101 109 93 107 92 101 85 116 109 89 103 77
87 95 111 0 115 83 97 78 119 120 79 111 80 87 113 99 81 104 84 91
124 82 0 0 82 116 76 99 90 91 88 104 97 77 89 93 108 109 123 102
85 0 99 119 93 122 91 78 89 106 117 90 101 79 99 96 99 116 104 75
87 88 0 0 105 103 109 114 121 103 87 121 101 79 81 79 85 118 122 97
0 93 114 0 105 124 118 112 96 95 107 91 76 108 107 92 100 77 110 99
92 103 0 0 85 79 105 82 118 95 89 96 86 120 95 75 123 111 89 87
77 0 83 89 112 83 117 86 83 86 117 97 124 99 118 98 99 99 76 115
87 95 0 115 86 88 77 75 94 114 80 86 94 96 86 102 118 89 100 86
