84 85 90 84 115 105 80 123 82 81 89 119 84 99 98 92 119 111 84 105
118 0 82 113 79 89 81 84 95 91 107 92 92 78 108 77 79 104 84 121
0 77 81 0 98 85 113 96 117 110 78 112 80 113 112 80 119 88 96 76
0 0 0 0 112 107 76 106 85 75 97 122 81 105 101 88 83 82 103 110
105 107 0 0 110 109 95 87 88 84 117 81 112 98 114 109 115 101 97 105
96 88 0 117 84 124 121 114 115 76 94 105 123 104 95 89 122 97 112 75
0 87 90 0 115 111 105 84 124 95 85 82 82 85 118 80 82 104 112 123
84 82 88 89 113 82 116 81 118 79 91 90 83 111 84 81 114 117 96 89
124 107 0 0 86 95 76 83 118 96 75 101 107 82 102 109 79 83 89 101
112 0 77 82 80 122 122 118 88 101 102 85 78 100 91 106 124 108 77 84
