0 78 0 0 104 117 118 120 91 113 85 122 108 115 82 99 82 81 106 99
0 0 0 0 101 103 117 112 83 75 85 77 120 83 77 96 116 120 113 106
0 82 0 88 75 90 79 118 122 86 91 106 118 99 123 85 91 117 124 91
111 0 0 0 77 104 84 102 112 91 76 76 102 85 120 76 83 120 112 101
0 0 92 103 84 98 92 79 75 120 89 102 95 78 85 86 82 105 110 123
99 0 117 76 111 81 87 119 120 76 97 108 109 94 122 79 89 79 85 111
112 103 99 99 95 88 115 77 123 93 113 82 108 107 88 101 98 98 100 93
0 0 90 0 84 96 85 107 100 115 95 114 78 104 124 79 119 115 118 98
0 0 111 98 81 122 89 79 100 79 75 76 119 116 75 102 120 96 101 90
93 0 81 0 75 98 116 102 76 75 76 110 87 110 106 86 120 109 115 93
