0 123 0 0 90 117 100 87 77 82 115 112 99 119 104 91 114 114 117 100
0 106 90 0 103 99 118 122 120 103 110 83 82 83 94 119 109 79 105 80
112 80 100 0 94 88 121 121 102 119 87 91 88 117 81 120 90 80 76 91
0 98 0 0 116 94 108 100 88 80 86 96 88 87 119 89 87 116 104 124
118 0 0 0 107 116 82 90 98 118 78 99 78 78 109 93 106 99 120 95
98 0 0 0 91 77 120 77 86 118 97 121 75 82 84 101 85 75 105 95
0 117 0 0 103 108 103 98 88 113 113 123 103 90 96 80 107 115 99 107
116 0 0 0 83 84 114 80 102 86 92 118 121 103 109 108 105 100 84 101
0 0 110 0 118 102 79 108 108 80 85 123 117 88 102 112 98 81 120 99
0 0 0 0 81 94 83 107 76 100 80 118 89 121 97 106 100 75 90 110
