88 103 0 0 76 102 81 99 107 102 124 91 107 104 89 101 81 80 119 120
107 0 0 0 89 78 110 97 80 93 90 113 116 122 80 124 102 117 93 88
0 113 0 115 101 84 115 111 94 75 97 88 88 116 80 121 119 104 89 116
0 115 0 0 83 102 105 85 77 109 110 123 89 96 108 109 113 119 102 78
119 80 81 0 105 92 119 112 94 112 101 117 91 76 115 89 124 121 93 110
113 0 0 0 116 117 111 88 114 101 76 119 98 102 118 102 109 97 97 86
0 88 82 112 96 76 116 98 94 111 108 122 103 107 111 92 96 103 80 82
108 80 0 0 87 92 109 84 110 77 98 78 82 101 96 89 83 113 116 113
0 0 0 0 109 107 100 101 77 116 79 115 80 101 95 105 115 95 105 119
0 117 107 79 105 75 82 88 92 81 75 113 87 95 98 113 117 101 106 106
