0 0 0 0 81 84 120 99 102 96 85 86 100 106 103 119 93 119 119 90
85 0 0 0 94 92 109 101 86 124 113 77 115 75 86 93 81 89 77 100
94 111 94 107 121 85 122 83 107 111 90 85 106 87 106 118 95 98 82 76
87 96 0 0 89 110 98 76 102 107 79 114 96 96 88 96 82 77 99 93
77 0 93 0 112 123 76 110 108 107 114 98 107 81 98 118 89 89 89 112
75 86 0 111 99 77 81 105 105 105 97 85 114 102 79 105 98 88 101 87
109 95 0 87 122 101 96 81 88 100 103 111 124 114 104 116 124 75 89 94
0 0 80 0 104 95 85 106 78 85 114 78 100 111 94 124 90 109 93 122
0 0 84 0 81 89 78 93 122 102 80 121 92 105 110 116 77 110 92 88
0 0 0 104 96 107 103 113 107 77 113 98 105 94 121 80 95 85 82 123
