75 123 0 124 80 105 116 108 103 83 99 88 75 116 117 98 93 96 96 101
105 98 0 121 98 98 121 109 113 78 105 82 77 111 119 91 75 76 93 114
90 0 99 110 100 103 98 88 98 119 87 95 87 85 79 120 84 117 118 115
88 0 110 95 113 102 79 76 112 86 119 121 122 115 93 78 84 99 101 98
112 0 85 0 96 115 97 111 108 91 107 100 78 105 84 76 93 91 119 79
0 121 0 96 80 116 112 107 103 108 119 90 87 86 120 105 90 85 91 101
90 0 108 89 75 122 85 82 79 85 99 102 114 115 90 76 75 93 86 76
0 77 0 0 76 78 80 102 90 87 99 85 84 94 99 107 91 82 114 87
0 0 82 75 78 89 111 109 75 99 102 106 108 103 116 88 121 106 90 84
0 114 0 76 85 78 80 104 85 98 91 105 124 84 100 92 82 80 122 122
