0 95 0 0 83 100 88 110 116 98 100 108 86 96 76 78 115 100 93 122
87 88 0 122 113 91 94 81 113 105 115 95 111 92 123 81 92 119 116 80
91 0 102 82 107 104 111 93 78 114 79 83 123 88 81 84 116 77 117 103
107 113 0 0 119 84 105 121 82 115 99 98 122 95 121 119 117 83 118 79
0 0 105 0 96 85 94 90 89 124 118 76 93 118 75 88 77 104 122 114
117 0 77 101 84 107 104 123 96 97 77 82 121 83 80 95 92 110 87 99
114 112 0 106 101 105 95 97 108 98 90 100 114 124 100 113 102 98 93 87
101 0 0 98 81 103 111 84 100 112 94 98 98 77 115 109 95 113 113 115
95 0 99 0 115 100 122 115 108 102 92 91 105 88 77 75 80 89 96 83
0 91 98 103 88 103 90 109 98 121 123 89 91 87 87 119 124 119 81 75
