122 110 0 0 104 89 109 109 104 100 103 85 111 112 76 79 81 106 90 84
0 78 95 0 103 83 91 119 88 112 117 81 104 84 94 94 108 120 91 100
0 0 105 103 84 98 118 109 88 114 89 116 84 121 120 93 97 88 76 75
116 0 109 0 93 77 112 79 80 81 95 96 88 99 76 79 97 85 109 112
82 0 114 103 85 112 106 90 91 94 107 109 122 106 120 116 107 120 99 124
108 0 108 118 76 105 119 80 114 77 124 105 114 91 109 106 110 124 124 117
0 0 89 0 89 85 81 117 119 115 107 108 107 82 101 91 75 107 112 85
93 0 0 0 99 86 80 109 120 123 105 99 87 117 109 85 81 83 83 118
0 0 0 118 124 103 100 98 91 89 120 111 100 92 116 91 112 111 118 121
0 99 113 84 89 124 121 94 75 76 75 118 108 103 95 75 122 95 89 106
