121 0 0 0 98 80 119 106 113 97 106 83 111 111 80 93 124 117 97 100
116 87 86 0 79 89 115 96 107 78 96 78 114 104 78 91 124 111 115 77
109 0 118 106 123 108 90 84 91 106 83 120 120 85 97 84 122 87 79 102
0 89 0 117 101 79 89 118 80 112 91 96 103 116 117 87 91 122 96 99
0 0 0 0 83 76 123 79 110 96 93 103 116 107 115 110 115 123 106 106
105 89 0 122 121 92 113 76 120 111 122 119 92 94 79 108 102 112 84 89
0 0 0 0 108 108 96 93 85 111 101 83 106 90 119 96 120 114 97 98
0 122 115 0 111 98 100 112 116 77 112 112 97 96 80 114 120 112 109 123
0 0 112 0 95 81 78 115 112 93 80 106 107 101 78 107 112 109 94 90
109 0 98 0 117 112 86 92 94 101 104 92 88 83 92 77 110 84 79 108
