0 0 79 0 79 107 124 110 77 81 90 115 120 96 86 121 104 83 99 123
76 0 0 0 89 87 106 110 82 114 91 79 113 88 77 104 102 88 97 104
0 0 0 100 119 79 101 104 99 79 79 124 119 96 85 110 106 82 89 101
0 107 0 0 86 89 106 122 91 104 101 102 105 119 121 100 88 96 115 97
0 0 112 0 112 124 98 90 116 100 78 78 113 80 83 124 99 122 117 99
0 95 89 0 123 111 95 108 110 118 121 94 81 105 100 77 85 79 105 121
0 0 80 0 87 80 86 122 103 123 97 96 120 87 92 95 77 92 100 119
93 0 0 0 108 82 110 111 91 115 120 124 123 98 103 112 95 81 87 117
108 123 0 0 95 76 121 92 113 82 85 81 121 91 102 101 119 80 81 80
123 105 0 113 113 113 112 122 86 88 117 93 92 76 83 116 90 96 103 112
