0 0 0 0 110 113 118 106 94 92 80 103 93 124 110 111 117 95 102 85
85 77 0 87 104 75 116 92 116 88 123 98 97 113 77 108 85 86 80 119
0 0 101 115 95 90 97 105 81 100 91 89 108 116 123 83 98 112 76 124
80 0 91 0 114 110 117 89 77 91 106 83 115 86 120 76 103 76 81 85
95 0 99 95 114 80 111 106 81 78 94 97 99 86 111 107 84 78 106 94
88 77 112 0 92 90 108 120 91 118 121 119 79 87 113 92 116 84 86 86
0 122 0 0 100 123 85 83 117 85 87 104 116 96 83 102 119 101 81 75
0 0 81 75 84 101 91 112 109 86 99 78 112 76 93 92 106 89 111 123
0 0 0 0 93 81 75 104 96 98 100 123 95 122 95 90 88 84 117 86
98 99 0 0 87 111 81 82 84 99 106 112 102 123 100 107 118 104 88 108
