86 0 87 95 75 121 96 110 122 111 99 97 97 95 82 120 86 120 81 115
0 0 90 0 113 114 107 117 103 110 76 124 99 105 96 115 119 103 87 75
95 96 102 123 84 121 92 91 99 118 123 75 86 84 76 110 117 93 91 75
100 0 0 0 91 107 81 77 115 100 78 110 112 103 75 114 102 88 110 124
87 0 0 0 90 77 106 91 119 86 107 112 77 101 111 75 106 118 123 96
86 0 0 0 121 100 88 102 87 76 123 88 113 104 118 79 120 92 99 97
0 0 77 85 92 88 94 79 116 83 77 101 108 114 92 96 113 118 97 111
95 84 0 91 77 91 116 122 91 109 123 94 121 118 93 103 117 78 112 81
0 80 118 0 106 105 78 96 108 94 122 111 84 120 97 94 98 96 87 117
0 0 78 0 76 92 86 84 113 119 121 101 102 124 109 94 82 115 121 101
