0 87 0 76 84 87 107 113 104 105 101 116 117 111 88 114 101 76 119 98
0 0 117 123 107 85 122 106 88 82 112 96 76 116 98 94 111 108 122 103
79 0 0 0 121 122 90 108 80 87 78 87 92 109 84 110 77 98 78 82
0 0 78 82 80 96 110 119 90 82 118 109 107 100 101 77 116 79 115 80
0 79 0 0 90 83 80 117 117 107 79 105 75 82 88 92 81 75 113 87
0 124 0 76 112 116 88 103 118 88 76 102 81 99 107 102 124 91 107 104
0 0 105 87 96 76 107 83 115 84 89 78 110 97 80 93 90 113 116 122
110 122 101 83 83 118 88 113 124 115 101 84 115 111 94 75 97 88 88 116
0 0 0 0 90 103 86 115 116 106 83 102 105 85 77 109 110 123 89 96
0 0 123 111 93 78 119 80 81 123 105 92 119 112 94 112 101 117 91 76
