86 0 117 0 97 101 101 97 78 99 115 98 119 96 105 117 106 83 80 89
0 93 120 78 116 96 101 95 91 109 94 122 93 92 90 88 79 105 98 104
123 114 0 124 82 115 75 115 86 82 79 86 94 87 87 89 84 115 106 103
0 0 122 114 108 88 76 122 94 86 85 109 92 93 113 91 98 90 98 111
114 112 0 96 93 75 84 80 75 123 95 112 97 109 123 92 112 91 91 87
94 0 0 0 100 105 112 76 106 91 94 96 119 104 75 124 84 79 118 95
87 76 0 0 97 90 96 88 93 105 124 87 100 101 115 110 124 105 112 81
0 97 0 78 106 113 90 91 120 96 99 119 107 101 89 102 111 104 79 104
0 80 120 80 107 91 108 96 83 91 92 104 116 123 84 85 103 107 95 83
0 90 0 0 91 107 115 118 111 108 112 77 108 92 97 107 83 106 96 78
