103 120 0 97 103 92 96 112 102 97 77 86 101 121 81 104 79 79 88 87
77 90 0 0 111 95 90 104 102 115 97 87 117 95 98 118 119 92 86 84
75 0 0 106 87 109 81 107 98 123 79 96 81 90 101 118 80 81 121 124
0 123 99 0 77 112 121 83 121 116 106 79 122 90 91 110 75 81 78 108
0 0 116 122 77 93 122 82 77 113 109 112 75 79 78 94 76 107 101 112
0 0 119 108 112 98 81 95 119 99 105 90 122 108 93 95 81 97 83 106
0 0 0 98 110 115 89 114 98 120 83 111 78 120 98 88 102 101 82 119
0 86 0 0 87 121 97 116 118 87 99 85 86 122 118 77 120 103 89 107
0 0 88 92 110 99 122 83 111 87 78 119 114 118 86 120 92 109 97 118
0 103 0 0 108 112 115 111 79 85 92 122 89 113 88 105 81 124 116 96
