0 0 0 123 107 112 117 95 100 115 118 107 84 81 101 117 84 105 114 95
0 0 102 102 76 86 99 104 119 111 85 77 108 82 111 104 79 105 116 85
80 0 123 0 110 110 93 110 101 121 91 97 77 108 100 95 112 114 83 82
84 79 0 94 109 118 93 124 87 104 120 124 113 92 91 90 95 110 90 121
0 0 0 97 124 98 110 105 77 119 98 78 115 120 105 91 78 121 94 114
0 0 0 102 114 107 107 93 80 93 114 75 84 117 94 81 92 118 91 121
0 98 91 0 96 124 110 123 88 96 91 99 78 97 83 114 91 89 119 106
119 0 0 83 101 83 97 76 101 101 77 100 106 78 103 85 121 82 118 76
0 0 0 114 82 124 111 92 102 86 91 110 116 99 100 87 79 94 80 121
0 0 0 112 121 122 105 107 79 91 98 124 119 76 80 105 106 108 105 119
