0 0 0 0 107 121 86 81 106 93 107 98 113 119 75 103 81 86 110 80
0 91 105 115 80 90 88 114 113 80 78 83 105 105 77 111 117 115 83 103
116 0 116 0 89 119 105 77 102 93 77 96 124 105 84 113 102 90 111 85
0 100 0 0 110 79 116 94 112 75 113 119 120 90 108 90 82 88 93 122
0 103 107 0 88 121 100 112 101 93 111 106 78 114 118 78 89 118 106 88
101 88 0 101 113 89 105 111 113 119 90 114 80 97 92 110 92 95 108 101
97 120 109 0 110 116 102 118 117 82 89 82 123 103 93 88 92 87 122 98
0 0 0 123 82 121 75 92 93 111 75 96 95 90 96 83 119 97 110 82
92 0 0 0 81 120 95 91 106 104 96 76 119 81 100 109 109 88 85 94
0 92 0 0 93 75 80 116 107 111 88 92 93 121 82 85 105 84 75 115
