0 119 0 0 76 117 75 77 107 110 124 84 121 79 78 113 85 103 92 112
0 0 0 114 124 77 102 81 92 114 75 111 106 98 123 87 108 81 87 104
0 0 117 89 87 123 117 94 105 76 105 95 122 110 105 110 117 97 119 106
0 0 0 0 77 116 77 123 113 83 84 109 76 97 105 105 105 91 104 102
0 78 85 102 77 91 122 120 102 117 105 111 103 106 88 78 104 78 101 90
0 78 0 79 117 89 112 89 90 78 106 117 116 104 103 94 106 98 103 110
120 114 0 0 87 112 121 123 87 81 121 111 116 80 112 98 101 120 81 81
79 0 0 0 80 102 75 106 111 81 93 106 89 110 89 109 83 97 97 97
0 78 82 0 100 118 77 112 112 102 79 76 98 118 104 88 124 105 90 89
95 96 110 81 112 112 86 96 105 121 110 121 75 121 108 98 75 78 98 94
