0 109 0 78 104 121 119 97 83 88 124 112 110 80 94 76 122 110 98 108
108 0 109 0 97 88 122 94 108 91 84 86 83 105 91 92 94 107 120 117
83 90 0 0 100 80 78 113 79 97 113 83 104 93 75 108 122 89 121 107
0 109 87 118 122 87 90 86 76 105 99 123 114 122 80 104 93 93 117 86
0 79 0 83 93 105 88 109 95 95 120 121 95 97 106 80 95 94 82 119
102 90 87 0 95 77 118 107 120 109 115 114 88 119 97 89 95 89 79 122
0 0 0 109 123 111 89 96 122 86 109 118 77 101 117 114 88 93 82 100
0 112 91 0 86 105 82 122 97 111 85 91 122 111 111 109 121 95 82 84
0 0 0 0 82 123 95 77 115 118 104 121 111 77 85 115 112 100 100 110
0 76 0 93 113 107 115 107 82 93 94 84 98 90 110 94 81 109 97 86
