0 0 0 94 100 107 105 110 120 87 101 122 88 110 105 94 103 108 97 101
0 0 0 0 83 108 108 112 105 76 122 116 108 82 97 93 79 94 91 98
0 105 85 90 113 88 75 89 124 119 85 97 86 102 94 86 89 77 108 106
0 0 87 112 106 110 103 108 122 111 106 118 113 107 87 77 124 94 110 98
0 0 104 91 85 93 76 77 88 86 106 115 85 97 100 83 115 110 95 121
0 85 0 0 78 86 75 114 122 75 84 124 122 110 102 105 76 94 116 102
0 114 110 0 100 83 112 119 114 124 123 91 93 100 111 121 124 117 102 101
89 96 0 100 87 120 123 76 84 87 103 98 123 96 90 98 87 90 88 88
106 0 0 100 81 100 86 75 107 105 119 105 76 75 118 78 79 96 78 110
0 75 112 0 101 79 81 111 121 80 107 114 120 117 78 121 88 109 121 97
