0 86 0 0 105 105 117 85 76 102 106 79 83 75 100 83 105 123 96 104
0 0 0 0 91 115 80 85 77 100 105 92 98 97 77 102 85 77 108 109
111 0 0 108 95 92 116 92 76 87 79 81 78 100 120 102 112 100 76 94
0 0 107 117 91 115 105 76 110 82 95 83 96 95 104 115 80 95 107 123
0 0 124 87 93 116 79 102 103 106 98 120 110 118 120 97 80 119 89 96
124 109 100 0 82 120 94 109 116 79 100 99 111 85 84 117 108 91 122 102
0 120 0 122 76 116 96 111 118 92 119 94 103 112 113 115 107 90 103 114
109 0 0 115 118 88 95 116 77 79 100 75 111 85 99 99 106 124 102 86
106 0 0 94 104 119 97 105 85 76 105 77 85 111 122 84 102 103 87 123
110 0 117 0 112 98 98 102 114 91 75 89 91 79 77 95 87 89 91 89
