0 38 0 0 134 62 75 133 141 140 123 81 133 39 169 67 91 168 3 20
0 51 80 0 98 132 99 129 142 154 194 1 1 101 63 157 195 50 55 2
142 160 116 0 28 172 83 10 23 194 38 95 109 6 112 158 87 38 95 30
0 0 0 0 135 152 9 194 74 114 176 112 190 77 46 89 111 178 30 158
0 0 0 0 88 43 130 177 0 172 20 103 27 167 34 6 59 35 162 194
130 0 0 38 170 120 34 17 140 85 100 126 130 134 185 164 121 175 19 80
0 0 0 0 169 71 25 170 167 78 164 116 74 88 113 47 129 47 98 181
98 172 146 112 154 189 47 180 168 189 52 193 31 75 133 57 100 169 169 96
157 0 0 0 80 106 48 113 173 155 178 193 126 54 180 110 81 103 191 68
0 120 101 27 85 68 67 71 189 31 113 14 14 155 95 94 196 195 82 54
