88 0 117 0 83 124 162 27 54 100 23 40 179 178 42 29 173 82 128 10
1 182 171 3 121 66 18 117 124 73 133 75 127 117 163 6 58 197 54 15
146 58 0 0 144 33 191 194 192 148 125 52 154 7 122 168 53 68 163 0
0 0 0 167 185 199 91 191 26 71 191 147 93 58 45 72 191 195 9 62
0 52 0 107 135 196 61 195 116 174 108 137 58 85 52 131 174 165 128 173
117 184 0 31 53 182 86 139 3 24 163 46 147 144 107 80 20 140 23 191
0 138 70 85 9 129 122 196 49 38 186 150 86 57 122 160 14 133 172 52
0 178 50 0 170 143 121 135 58 13 196 3 171 160 65 175 101 79 143 179
63 44 0 0 55 113 49 175 109 135 182 93 93 164 173 61 31 34 91 117
118 130 110 151 149 52 86 44 77 22 128 87 29 105 169 54 28 5 126 1
