0 0 95 107 55 22 154 124 141 93 176 197 159 185 77 30 31 124 165 54
151 125 18 17 5 113 8 198 150 179 78 78 163 140 196 25 23 31 185 93
0 176 95 0 137 21 188 164 167 190 109 155 2 77 0 76 60 154 76 24
0 0 154 123 104 177 161 111 196 98 114 165 189 71 25 195 147 167 32 147
0 0 134 0 46 185 75 179 22 15 12 143 16 16 154 0 73 168 21 190
143 0 0 0 94 187 106 52 65 52 13 146 179 162 15 38 94 66 33 41
76 24 102 0 97 139 16 171 186 170 171 28 40 141 133 22 170 134 7 124
141 0 0 127 131 58 197 67 40 70 23 71 93 60 199 190 26 142 146 111
109 178 152 61 90 7 141 183 41 106 156 135 151 98 192 46 81 77 133 78
0 0 0 0 109 112 197 2 84 158 44 12 130 3 61 155 5 58 137 191
