66 95 182 0 128 73 81 57 123 183 103 173 13 94 163 107 197 85 124 101
0 0 169 0 47 184 129 180 22 143 146 31 96 186 127 159 199 63 130 57
0 80 0 59 22 163 197 76 108 9 133 82 10 15 175 172 116 44 183 84
154 0 189 96 107 13 116 67 190 180 36 171 43 195 111 56 44 94 25 145
0 29 106 194 193 157 161 101 131 109 112 129 165 135 196 141 193 117 80 168
68 140 0 0 155 139 114 151 198 50 96 122 115 77 44 71 69 136 8 38
154 101 98 0 102 187 21 167 4 83 183 103 193 9 96 135 127 64 150 61
139 8 113 0 196 87 168 184 35 4 186 49 199 71 127 106 80 164 152 28
107 0 185 0 113 75 137 62 177 196 147 121 49 108 77 74 87 126 107 11
0 0 170 28 149 57 88 87 51 46 13 20 97 63 70 9 80 61 146 15
