85 0 112 0 185 81 51 137 156 118 184 98 182 86 174 131 129 132 137 198
43 0 6 0 51 132 116 73 67 70 121 140 198 79 21 115 72 50 130 85
0 0 192 0 114 115 179 77 98 101 85 38 125 189 124 52 23 109 189 179
44 37 0 0 169 140 9 170 134 27 159 176 97 47 88 145 98 147 161 149
2 0 174 182 176 104 9 60 100 106 33 23 95 162 52 127 130 187 166 175
12 0 0 194 198 120 173 80 43 133 105 115 98 64 53 9 76 128 107 39
0 75 117 4 65 178 70 99 8 136 83 23 22 68 46 102 142 197 41 22
21 0 0 164 5 81 189 141 61 49 66 176 96 197 0 79 108 22 41 179
32 0 0 66 39 106 113 33 89 172 40 158 132 171 183 168 128 51 71 186
196 0 0 63 189 172 197 43 144 105 44 44 106 59 0 125 90 109 22 80
