0 174 0 156 47 116 97 34 81 133 163 170 60 52 57 141 0 22 81 152
126 163 56 129 97 51 152 193 80 146 174 53 93 129 1 12 85 63 189 163
0 0 181 0 105 134 4 158 133 101 33 47 167 41 88 114 65 176 35 152
99 59 93 63 146 78 84 117 26 161 192 197 20 79 78 119 55 199 186 113
0 0 148 0 17 124 23 159 157 129 151 62 66 60 166 196 140 172 112 177
0 115 115 33 6 94 102 94 30 197 192 92 13 66 26 87 74 53 114 124
106 0 125 89 81 184 156 128 98 16 120 150 84 56 7 5 54 123 88 57
0 0 0 188 186 3 191 96 67 115 121 132 145 142 12 178 168 0 28 10
0 0 0 0 117 35 178 66 31 91 63 102 62 71 2 125 32 78 6 145
106 0 0 0 145 184 45 142 185 136 170 169 184 125 101 57 129 28 183 104
