113 91 0 102 50 70 90 24 109 163 11 104 198 183 97 178 178 82 183 127
133 0 0 171 185 102 144 81 145 73 153 8 111 179 98 85 165 98 131 117
182 0 0 0 164 31 119 21 82 79 147 69 126 10 109 25 68 24 147 94
0 0 0 58 112 24 173 122 62 85 157 106 161 14 165 114 35 108 120 133
0 0 0 0 185 61 54 75 55 174 58 64 139 189 88 199 3 175 59 30
170 0 0 1 76 150 26 198 173 113 70 183 156 113 39 143 98 151 150 76
126 117 0 136 130 69 71 124 53 18 60 31 9 4 179 191 114 18 94 152
0 171 0 0 142 53 153 0 122 60 37 11 185 178 26 74 189 172 193 159
0 161 73 150 104 0 7 68 194 194 77 183 133 141 112 176 184 186 154 39
102 4 119 0 9 126 89 167 150 121 88 103 47 138 186 109 193 30 197 137
