0 22 198 0 142 188 11 15 136 46 33 136 132 138 63 17 14 195 27 171
174 0 0 199 125 150 193 77 28 194 152 22 192 152 184 180 167 176 3 44
86 150 0 97 125 13 165 83 51 49 142 111 61 101 48 33 191 102 172 182
0 0 167 0 46 153 57 76 50 34 36 9 130 114 107 48 198 39 116 1
41 172 0 146 139 125 6 197 39 167 149 24 162 72 152 191 156 174 44 44
14 0 0 147 147 40 119 109 185 7 98 57 10 36 132 15 170 198 94 50
109 0 128 111 167 1 195 124 63 88 118 122 144 77 183 60 164 184 119 101
0 0 0 3 14 45 179 60 90 21 112 160 104 91 14 20 25 28 149 104
0 0 0 88 127 55 124 134 123 61 32 162 191 124 112 181 116 186 25 109
0 10 153 0 171 129 135 189 104 179 150 191 67 199 83 13 11 168 33 17
