149 118 0 108 139 149 40 75 44 21 60 24 38 130 130 0 106 153 180 193
0 50 142 0 163 159 6 13 126 32 16 112 22 75 182 137 152 118 26 56
0 118 0 126 152 58 80 116 94 197 158 2 187 138 124 157 35 197 108 88
0 195 0 130 8 53 179 116 71 197 120 68 25 92 13 31 175 96 156 179
0 0 0 0 9 196 182 69 187 2 78 155 51 69 151 107 41 51 146 121
0 52 0 163 176 197 160 109 91 33 23 38 75 90 109 109 31 85 128 22
16 0 84 0 87 109 112 175 197 180 155 165 149 175 165 99 21 9 10 25
31 86 42 127 156 25 16 147 97 93 44 166 60 186 183 24 40 114 198 149
0 43 120 3 105 126 58 195 156 161 97 71 37 107 71 198 52 140 199 194
159 12 0 67 6 71 0 165 33 85 137 45 85 98 115 71 150 115 107 152
