155 0 0 122 25 43 180 111 193 30 60 2 68 164 106 185 44 158 35 127
183 53 0 173 40 57 184 150 71 1 70 22 174 60 90 52 10 5 59 15
0 0 0 137 15 155 62 90 43 138 46 115 146 23 195 124 68 143 38 136
77 92 60 0 123 140 190 168 24 147 151 31 197 0 95 12 81 137 97 15
0 140 183 193 141 3 81 46 151 74 11 121 185 191 161 139 131 77 188 167
68 0 0 0 51 72 120 14 14 1 133 183 140 43 68 59 112 93 5 183
0 51 0 0 149 162 52 65 147 153 28 196 82 26 169 4 132 36 17 153
0 136 171 51 154 148 110 67 79 30 168 101 3 170 17 97 82 115 62 69
0 87 23 24 32 2 130 178 131 27 74 186 2 96 129 90 61 105 13 130
180 0 0 0 133 0 88 79 130 92 43 66 179 55 155 167 52 113 117 196
