10 0 115 0 96 2 64 17 33 96 73 131 14 132 31 142 128 156 195 118
29 196 0 68 32 159 76 140 183 137 116 41 161 62 84 167 60 139 40 194
0 105 98 59 166 58 43 12 102 38 188 164 154 81 183 156 197 91 73 183
176 0 0 37 24 151 183 125 88 194 62 127 139 84 74 198 144 156 38 51
71 0 99 93 3 109 18 176 19 127 60 69 109 149 133 22 11 73 179 29
0 34 135 0 197 160 34 29 53 140 1 26 150 91 176 143 186 133 44 117
0 0 195 66 53 162 41 51 142 119 58 133 11 177 172 190 122 183 22 178
56 154 160 73 140 94 137 48 101 102 138 96 137 189 25 170 180 9 130 100
96 0 0 10 89 98 181 26 186 64 39 31 52 114 58 8 171 179 118 16
28 0 184 0 140 34 62 122 65 118 197 163 182 107 122 72 189 98 74 148
