0 0 154 0 126 49 51 85 138 145 54 117 28 145 195 68 14 75 199 194
0 125 1 3 128 39 185 11 124 56 39 191 124 93 194 23 91 90 199 120
0 27 47 60 154 191 155 29 46 147 146 69 27 24 1 127 174 32 100 104
0 0 0 0 187 94 164 75 46 101 48 51 31 40 48 90 177 13 56 172
90 0 154 196 72 83 40 150 61 152 94 84 142 24 77 40 165 185 187 67
93 32 32 0 97 51 108 159 145 173 80 2 98 186 192 168 180 103 119 177
0 180 41 2 190 186 30 47 48 13 136 181 174 4 176 158 54 177 54 67
38 105 151 3 17 160 165 187 102 76 149 175 17 22 125 112 170 97 127 38
0 0 0 0 74 79 35 0 126 101 95 7 199 96 62 128 52 7 11 124
0 0 126 0 50 136 74 98 125 185 6 126 134 131 39 159 136 10 16 142
