0 127 190 143 152 81 194 108 158 144 67 133 178 99 123 38 136 172 148 150
0 0 0 0 54 181 105 66 110 125 97 62 6 81 128 84 24 125 22 176
0 53 0 185 179 185 124 184 124 108 127 69 100 100 82 113 18 94 18 141
139 0 66 0 101 162 92 17 151 54 67 20 93 146 184 95 93 184 109 56
67 176 73 33 109 98 170 119 2 15 19 5 158 50 98 72 148 100 40 174
29 0 0 27 42 125 148 98 174 198 109 46 75 100 56 181 11 73 20 52
0 0 0 0 132 49 134 48 140 154 25 27 124 98 2 52 154 48 160 107
109 14 142 0 146 157 27 149 66 63 134 148 20 191 107 53 152 40 96 122
0 0 45 0 13 20 157 186 141 21 111 174 183 12 172 53 77 5 127 166
0 11 100 78 182 141 14 101 182 156 103 143 29 39 38 36 83 66 73 195
