0 144 119 190 103 116 105 153 193 19 72 151 157 21 185 179 74 31 150 179
0 0 23 0 17 88 112 9 75 76 97 166 170 181 10 113 56 67 107 138
8 157 140 0 30 109 28 109 163 48 189 179 158 8 70 181 180 86 62 12
0 159 0 0 24 41 26 112 134 15 11 34 91 89 97 145 82 168 66 135
187 0 0 0 74 26 102 198 108 54 50 61 115 17 3 37 103 77 36 38
0 32 0 0 192 187 123 50 190 187 1 60 144 31 191 36 149 164 26 113
143 0 0 39 98 192 109 15 36 140 151 5 131 38 20 76 46 20 26 76
62 0 97 0 197 156 181 36 189 70 17 90 139 143 85 95 56 92 124 169
98 0 46 75 149 14 173 84 111 32 70 47 179 41 90 53 118 122 43 53
0 0 0 61 39 115 191 131 191 67 29 106 139 174 156 100 149 176 27 53
