0 2 0 194 95 48 81 106 79 88 170 192 168 88 12 164 111 82 186 174
0 82 157 0 45 44 122 103 98 62 128 166 82 148 186 21 143 108 165 54
107 0 121 114 159 31 65 71 43 5 26 170 191 151 109 197 56 174 14 124
0 0 0 0 68 183 72 17 122 73 91 192 137 16 105 91 60 147 45 192
129 54 0 54 75 126 9 167 83 156 66 177 118 163 156 27 58 2 141 20
0 146 175 0 4 122 119 165 143 110 16 30 117 151 170 176 4 110 169 178
0 0 0 110 161 120 169 157 160 131 97 156 156 7 64 123 98 187 72 3
0 26 0 83 46 47 32 25 9 198 190 184 81 108 7 53 97 3 129 177
73 0 0 0 169 80 23 168 51 103 17 137 73 124 59 195 98 13 168 148
59 157 0 197 112 13 53 98 25 81 172 72 98 172 90 195 112 50 55 82
