196 0 0 0 116 110 109 68 183 61 178 51 72 120 14 14 1 133 183 140
0 50 25 180 26 53 43 195 51 95 31 149 162 52 65 147 153 28 196 82
0 0 50 61 189 89 138 66 136 171 51 154 148 110 67 79 30 168 101 3
0 9 0 116 1 9 172 29 87 23 24 32 2 130 178 131 27 74 186 2
130 0 0 0 89 86 8 180 57 55 81 133 0 88 79 130 92 43 66 179
104 165 117 121 81 191 155 128 86 122 25 43 180 111 193 30 60 2 68 164
96 0 0 191 176 8 183 53 158 173 40 57 184 150 71 1 70 22 174 60
0 45 4 39 157 111 42 62 117 137 15 155 62 90 43 138 46 115 146 23
51 93 0 0 140 136 77 92 60 53 123 140 190 168 24 147 151 31 197 0
0 0 92 0 194 114 42 140 183 193 141 3 81 46 151 74 11 121 185 191
