0 30 191 27 42 79 19 103 183 163 195 38 143 177 60 111 182 176 47 175
0 0 0 0 22 48 45 156 24 194 125 88 159 118 189 174 92 26 61 166
62 127 58 0 149 89 97 83 171 143 124 139 98 17 95 25 41 33 140 93
0 0 0 56 17 57 128 82 125 27 45 103 49 117 8 140 50 160 22 170
18 0 145 133 84 175 179 127 4 188 132 124 158 86 31 145 132 178 78 34
0 19 114 0 104 48 22 183 82 191 126 8 24 93 111 143 73 180 33 126
92 153 138 0 45 78 91 149 15 139 196 15 54 66 130 0 114 152 8 187
114 72 0 0 83 196 95 46 78 134 133 16 110 93 186 22 74 186 149 81
136 0 0 0 55 185 143 160 87 193 162 161 114 120 44 131 51 182 150 41
0 0 0 0 105 52 68 64 94 153 192 137 6 156 165 121 152 2 0 135
