0 0 2 164 101 146 166 6 112 124 69 36 80 86 153 135 175 20 61 144
0 0 57 151 49 48 88 18 5 29 166 28 120 59 102 67 155 40 67 167
122 194 0 100 32 195 36 53 84 43 92 40 161 102 15 53 136 63 16 139
172 0 163 13 155 32 59 159 18 194 61 189 86 33 22 16 86 11 189 105
126 115 70 0 162 32 24 192 173 77 76 77 63 131 194 16 147 98 99 38
0 0 0 183 22 99 10 62 188 170 68 105 133 21 69 153 163 40 125 36
14 0 0 149 16 54 44 129 37 57 3 196 163 141 126 93 192 100 139 73
0 88 0 0 100 86 168 155 110 66 103 189 193 183 173 163 37 189 25 74
0 0 111 0 2 181 129 83 69 81 140 166 141 52 5 102 77 192 110 61
0 194 0 0 61 150 46 188 154 46 198 95 24 37 30 134 90 33 176 10
