0 0 77 0 109 161 78 150 38 117 83 41 156 138 143 95 126 68 56 122
126 153 0 157 20 33 142 50 62 62 152 125 178 147 106 137 52 47 69 120
0 44 0 0 1 87 92 72 29 93 116 112 3 174 5 40 161 172 77 148
10 0 0 0 27 178 139 140 15 152 192 179 85 56 136 10 20 122 104 10
123 0 0 0 147 125 75 33 30 38 88 141 37 29 98 96 105 185 90 146
178 181 138 0 165 50 173 42 46 189 138 30 182 65 18 33 199 1 20 113
0 5 147 0 106 165 82 158 0 95 99 121 67 129 173 177 108 111 137 128
0 169 171 153 46 51 154 88 184 101 110 195 104 122 183 73 196 2 178 50
0 0 0 16 76 166 33 196 10 40 161 165 164 3 110 173 167 82 146 43
0 0 0 42 6 54 42 18 184 80 58 144 121 104 131 5 150 29 166 3
