142 1 0 59 66 42 155 19 69 51 156 66 4 99 37 33 175 187 42 118
0 0 73 0 45 102 148 17 19 33 23 184 63 70 187 105 80 136 32 29
89 147 175 50 171 179 152 127 191 136 164 13 139 144 90 74 130 145 11 88
54 0 14 176 137 17 124 139 83 51 94 1 195 67 91 120 12 73 179 22
0 0 72 114 165 160 45 15 20 179 184 84 29 84 124 1 95 13 85 169
0 123 0 105 80 127 37 144 195 129 5 52 14 62 100 3 14 132 21 130
46 0 146 0 3 195 11 56 91 161 45 185 17 41 116 14 70 4 93 144
119 0 0 188 19 21 136 58 36 21 24 145 175 84 184 48 57 37 119 116
0 0 0 106 84 158 42 40 29 12 140 110 9 87 141 166 115 178 150 55
0 171 0 0 87 80 33 115 52 85 148 115 143 48 199 77 119 46 136 165
