0 0 85 171 181 0 87 137 169 44 73 40 182 111 61 69 72 109 15 113
171 38 175 19 4 161 70 74 94 143 85 87 72 191 52 77 14 157 177 26
0 182 0 0 68 80 127 75 46 191 117 116 32 113 160 110 41 49 34 103
0 52 0 145 134 128 74 55 74 177 105 89 49 89 10 21 124 113 174 132
27 0 71 0 128 107 152 168 190 39 0 15 5 45 57 103 107 177 50 154
135 139 0 12 198 26 76 29 86 3 11 122 191 196 50 175 60 24 190 154
0 64 185 0 27 53 81 107 150 64 65 133 2 74 187 183 152 12 197 190
133 143 6 0 71 80 171 130 178 161 89 113 177 36 172 96 98 55 52 90
187 4 49 8 146 158 34 10 50 103 100 125 155 61 146 153 98 21 136 165
131 54 0 0 72 68 117 85 162 57 180 36 123 35 11 20 99 35 80 132
