75 106 137 33 190 178 3 120 119 125 37 25 157 178 74 73 150 44 76 156
0 161 0 0 112 42 159 102 73 167 150 87 47 87 184 93 173 109 192 168
49 0 183 0 85 117 44 161 9 76 86 49 3 145 55 64 22 1 188 49
0 0 1 0 129 64 175 117 106 70 149 45 193 41 45 86 33 86 90 31
0 77 131 0 71 5 160 36 100 109 172 24 38 57 172 92 1 65 183 149
91 0 0 0 121 52 68 37 57 75 129 138 178 173 141 162 105 42 130 137
0 162 0 0 31 61 173 99 191 194 116 143 34 35 83 95 167 63 41 30
0 177 99 0 74 99 42 10 134 0 70 50 165 111 0 108 127 2 173 56
133 58 0 0 130 196 153 116 0 148 113 26 199 93 175 83 147 45 180 60
0 0 197 0 59 29 62 144 96 8 195 109 159 176 161 140 154 47 92 58
