0 162 0 73 149 102 157 117 13 131 30 84 15 184 125 145 11 95 23 176
0 107 29 85 37 160 55 7 109 132 171 195 35 167 50 44 150 18 57 161
0 169 0 0 3 118 154 63 82 38 66 40 77 137 166 175 126 194 134 61
0 0 0 0 88 148 150 114 35 140 81 175 105 100 59 164 169 107 18 58
10 0 0 0 55 124 170 57 191 27 144 197 198 123 108 92 83 32 6 195
167 0 101 0 166 170 4 190 134 8 85 69 198 123 56 74 190 186 71 155
28 0 0 90 13 103 49 128 3 2 85 100 105 158 127 112 19 134 132 84
0 0 0 3 136 193 57 81 108 140 131 30 86 144 191 162 87 144 94 100
0 0 153 41 25 187 103 79 166 150 84 131 187 3 96 148 107 82 26 15
0 0 95 0 133 174 48 129 105 175 76 50 179 138 194 95 33 171 148 44
