0 39 36 0 132 154 137 82 132 181 90 2 196 163 48 123 92 127 43 131
0 0 0 0 56 111 185 197 173 149 56 132 191 93 114 69 117 26 49 106
136 74 56 0 44 53 188 64 156 60 62 104 77 84 192 59 52 100 103 99
163 0 0 104 159 82 148 9 162 41 65 181 187 161 195 34 32 115 125 51
0 160 0 78 74 172 103 75 116 107 33 17 53 159 31 74 127 82 115 57
144 0 0 150 113 133 57 129 119 12 11 144 115 164 27 98 3 87 93 85
0 53 21 0 165 141 165 148 188 170 165 36 149 6 75 85 67 164 149 153
0 0 0 131 59 174 191 145 39 24 6 38 57 102 170 129 138 147 122 197
136 3 0 0 17 99 116 86 23 166 198 101 122 106 72 75 58 177 53 139
0 0 157 0 165 142 100 87 179 98 31 10 161 117 120 43 8 68 1 84
