82 20 117 0 51 193 140 8 15 180 188 185 31 145 127 47 47 139 168 136
0 112 55 0 67 7 88 163 148 112 32 128 48 93 2 169 156 179 43 154
127 0 0 0 106 198 135 23 73 65 85 15 11 23 155 103 34 138 194 25
0 158 129 10 183 23 81 112 187 152 172 128 30 42 32 199 133 114 78 190
0 168 181 29 107 148 135 6 183 46 110 164 78 38 128 124 20 191 71 19
0 0 0 86 16 6 130 97 4 36 12 43 153 51 14 186 123 93 7 186
0 53 0 10 193 25 106 75 50 199 47 124 155 159 24 194 93 181 104 52
0 0 0 0 113 95 103 83 57 167 174 92 103 13 19 171 87 196 108 12
0 188 96 0 73 95 72 193 93 120 130 74 109 184 92 181 79 17 113 8
45 0 0 85 153 9 118 139 197 107 10 15 120 93 135 110 78 131 106 132
