0 0 160 0 115 195 95 29 2 4 27 42 125 148 98 174 198 109 46 75
91 67 77 121 73 126 14 67 188 178 60 132 49 134 48 140 154 25 27 124
0 142 0 0 40 28 174 109 14 142 112 146 157 27 149 66 63 134 148 20
0 0 137 0 190 121 26 97 170 45 76 13 20 157 186 141 21 111 174 183
0 0 0 0 86 10 153 9 11 100 78 182 141 14 101 182 156 103 143 29
0 118 142 0 148 156 4 127 190 143 152 81 194 108 158 144 67 133 178 99
21 182 0 156 65 159 78 18 141 138 54 181 105 66 110 125 97 62 6 81
0 0 0 0 82 109 186 53 150 185 179 185 124 184 124 108 127 69 100 100
0 41 148 189 63 2 139 156 66 76 101 162 92 17 151 54 67 20 93 146
162 23 39 0 61 94 67 176 73 33 109 98 170 119 2 15 19 5 158 50
