0 0 0 182 158 113 84 36 95 173 7 120 175 4 116 180 111 55 178 197
0 96 170 0 197 15 48 98 25 30 95 69 13 77 101 14 52 30 102 144
16 0 130 20 94 38 156 11 137 80 56 82 159 187 88 138 77 85 123 16
58 0 0 135 142 90 26 134 128 169 119 129 160 47 121 29 156 197 113 16
0 61 189 0 75 153 185 31 72 30 152 94 180 180 106 37 78 42 96 148
0 0 197 0 143 68 182 185 139 111 36 47 92 161 70 155 57 75 79 64
0 40 0 0 126 124 14 133 21 143 179 177 154 135 94 121 58 31 114 74
186 55 113 0 116 68 19 44 184 48 59 150 157 138 186 0 29 26 132 32
131 171 0 0 191 43 188 162 19 119 6 93 3 41 120 190 53 74 174 35
126 43 165 0 81 46 57 93 136 16 105 87 38 15 63 40 55 170 165 122
