18 158 36 0 90 102 85 192 123 143 102 196 101 51 32 26 64 113 0 72
0 0 127 0 107 30 55 41 19 104 14 53 92 172 198 116 144 154 145 58
21 167 0 125 115 15 189 5 188 102 21 46 148 80 199 4 15 198 192 108
49 0 21 136 128 16 144 60 62 178 194 198 120 152 5 149 9 131 70 71
96 106 0 6 41 157 73 112 56 11 78 74 49 133 136 185 116 30 145 81
91 59 0 17 87 121 119 77 177 26 168 121 193 190 103 94 156 100 71 111
0 0 134 42 103 182 6 80 68 60 38 15 20 42 46 130 90 74 97 96
181 120 0 0 14 192 143 164 50 118 169 77 170 30 106 6 23 57 101 97
0 0 0 0 14 194 131 0 186 109 185 88 147 199 168 61 60 80 127 12
0 0 6 198 151 23 46 168 171 113 47 102 138 21 125 112 156 127 37 145
