71 2 0 0 156 84 4 73 127 116 36 67 48 125 159 176 28 19 157 23
0 5 0 187 155 74 106 9 151 37 164 128 138 22 68 159 97 87 59 87
168 0 0 0 183 178 145 6 178 150 177 199 120 194 79 150 75 106 75 66
0 0 0 172 142 24 103 147 141 91 42 133 127 72 129 31 182 127 78 143
0 143 99 114 110 6 176 155 139 70 126 135 95 140 111 157 142 1 171 190
0 145 75 0 39 16 194 49 108 1 110 146 68 24 45 186 110 50 50 175
16 119 64 198 8 40 45 130 50 81 59 84 162 193 131 41 42 92 18 133
0 0 0 58 96 93 17 74 189 34 126 70 178 46 117 151 126 55 53 119
18 0 114 64 54 152 93 131 189 93 159 149 65 28 156 61 114 135 156 56
0 0 0 0 105 135 159 166 22 5 27 193 51 147 81 30 177 45 180 138
