44 132 147 18 110 98 140 100 133 32 8 188 4 47 173 25 108 28 81 190
0 78 0 176 139 150 2 172 69 44 33 75 137 25 94 179 107 171 174 63
20 35 0 11 39 90 58 93 84 176 124 97 117 125 121 159 72 87 48 56
54 26 90 0 91 72 129 119 141 170 186 74 119 59 57 132 194 99 183 164
0 41 0 68 142 114 188 59 143 14 191 77 172 14 133 129 129 88 175 198
73 8 44 27 101 87 163 58 29 102 156 68 150 148 11 19 49 41 89 161
0 0 132 152 188 125 187 15 3 37 124 191 36 84 170 44 25 184 179 97
0 0 0 0 71 131 6 160 152 53 107 41 92 55 34 92 109 41 12 124
64 0 0 0 83 183 131 147 4 188 158 11 178 199 24 106 173 63 34 57
0 73 0 0 21 19 64 7 86 148 62 91 88 194 41 92 133 8 90 108
