0 67 0 7 74 41 33 112 113 6 180 185 146 196 60 187 177 116 110 109
0 0 100 0 156 131 169 72 199 37 91 174 125 104 50 25 180 26 53 43
180 156 0 67 199 143 31 59 44 167 51 66 93 105 156 50 61 189 89 138
0 0 158 0 124 5 112 9 170 178 21 161 172 95 9 71 116 1 9 172
0 22 0 0 89 58 136 121 130 28 70 85 149 130 81 137 90 89 86 8
124 6 0 0 58 98 10 183 142 28 190 158 25 104 165 117 121 81 191 155
58 0 65 0 79 14 136 98 4 117 121 34 35 96 197 14 191 176 8 183
0 0 90 106 110 50 56 65 59 187 39 113 180 45 45 4 39 157 111 42
102 55 0 0 110 167 16 56 117 147 22 115 69 51 93 97 199 140 136 77
0 0 20 0 176 71 192 150 106 106 179 183 129 95 107 92 148 194 114 42
