0 0 122 0 89 83 65 89 98 91 179 16 188 57 160 172 36 80 196 148
81 0 74 0 82 100 106 107 191 147 44 78 60 161 36 163 170 190 179 193
0 58 192 38 185 126 195 21 117 28 21 86 146 165 116 8 3 48 110 51
0 9 101 0 97 40 176 127 106 66 127 81 60 99 108 23 43 59 61 157
54 127 0 0 146 94 4 101 106 138 104 101 67 11 125 67 32 120 141 2
0 18 0 10 178 152 3 5 87 164 18 49 25 118 75 162 2 124 20 132
0 50 0 145 179 132 185 71 182 61 24 33 47 148 75 84 120 186 66 109
61 141 0 0 151 82 183 143 148 139 179 160 51 130 148 149 39 190 10 107
186 118 0 0 186 58 121 52 145 12 172 178 88 0 46 186 128 45 64 70
0 0 0 0 87 31 91 139 87 125 2 77 20 27 64 5 153 147 96 176
