113 152 179 0 110 79 104 184 107 10 16 112 118 110 110 112 50 129 24 184
0 10 0 94 48 145 85 144 111 42 183 121 66 154 17 96 119 140 118 134
133 0 66 0 61 103 190 110 108 160 59 123 7 124 77 87 0 103 33 149
136 179 0 141 129 77 6 20 159 100 178 73 47 121 66 53 3 19 112 19
0 0 0 182 158 151 11 95 62 43 48 73 14 135 183 66 16 35 112 193
174 0 0 0 198 56 3 141 78 12 152 56 61 136 107 113 68 38 176 85
0 0 199 124 105 196 122 163 66 79 198 185 36 31 114 30 30 114 26 23
7 0 61 0 90 177 40 36 75 123 149 109 68 166 126 128 171 86 36 195
0 160 72 5 106 99 24 93 15 83 34 114 43 32 135 30 71 113 178 64
123 69 44 0 105 118 182 183 24 135 186 104 50 145 96 20 102 177 53 22
