33 0 191 72 40 3 90 65 179 73 72 173 13 15 122 197 160 167 90 180
184 0 67 14 117 137 60 141 164 180 192 116 45 77 174 6 197 23 195 197
0 0 0 0 82 123 184 190 55 45 10 143 146 84 35 57 185 185 97 134
0 0 0 39 68 48 70 187 198 17 20 114 197 183 105 80 136 9 170 155
63 0 25 91 159 68 106 99 193 98 31 150 88 177 64 126 163 168 9 148
0 0 0 145 163 140 55 142 73 181 1 174 4 101 194 92 72 39 176 53
183 0 0 113 105 155 132 37 55 63 125 26 166 29 90 66 72 176 89 104
71 0 73 29 52 102 35 151 181 16 75 51 71 12 40 99 156 15 162 92
0 120 0 0 24 193 114 98 100 131 172 73 141 9 65 152 18 68 127 126
188 144 0 83 77 98 113 2 96 174 84 138 46 146 31 91 132 33 79 101
