125 0 85 0 179 131 82 182 25 170 138 44 76 70 132 172 126 162 8 14
124 0 0 150 185 46 6 106 3 126 190 58 184 84 31 107 31 5 167 192
0 0 77 0 175 189 120 114 192 116 3 149 143 133 199 97 139 13 48 127
0 192 43 0 71 25 4 28 32 89 195 91 107 106 11 31 85 29 32 157
116 0 0 0 78 29 21 112 149 16 43 186 13 80 71 57 122 58 156 9
15 0 0 0 190 147 90 166 127 133 97 134 174 44 89 61 29 78 172 76
16 0 139 161 161 148 103 170 183 179 139 141 40 163 157 48 159 110 173 136
0 30 0 107 161 109 188 85 148 190 135 171 34 96 99 140 15 118 64 176
147 0 0 77 73 92 61 91 41 199 102 183 45 109 162 137 195 19 184 46
0 0 0 120 197 86 55 166 135 169 148 25 160 172 48 101 131 31 32 59
