0 0 130 0 31 104 75 125 182 24 194 168 185 133 39 195 102 57 37 6
0 0 0 0 77 51 46 23 31 97 165 31 169 94 65 145 44 110 179 162
0 1 0 0 141 20 9 199 119 113 153 23 41 116 34 133 95 89 50 36
0 197 0 197 98 64 39 87 168 93 102 63 79 130 17 142 127 162 150 99
0 70 0 36 180 0 151 186 31 58 12 165 64 44 0 183 85 119 178 15
0 0 10 140 157 21 80 68 130 54 108 139 90 84 44 142 13 141 149 46
0 99 0 0 110 124 108 178 32 194 82 129 120 66 56 103 144 181 86 137
110 0 0 0 131 89 189 66 11 181 37 162 183 68 144 4 66 36 55 137
0 0 168 97 90 158 128 61 180 142 9 124 105 176 80 145 186 160 181 29
0 159 173 0 13 102 88 169 86 120 119 166 4 156 164 162 26 152 103 41
