151 0 70 31 112 43 126 178 181 138 168 165 50 173 42 46 189 138 30 182
0 0 106 0 101 19 110 156 5 147 3 106 165 82 158 0 95 99 121 67
0 157 0 0 115 129 57 125 169 171 153 46 51 154 88 184 101 110 195 104
198 0 0 43 76 133 116 18 84 39 16 76 166 33 196 10 40 161 165 164
46 177 67 0 55 161 120 64 92 50 42 6 54 42 18 184 80 58 144 121
0 0 0 77 158 92 186 21 77 147 109 161 78 150 38 117 83 41 156 138
0 157 0 8 176 94 126 153 28 157 20 33 142 50 62 62 152 125 178 147
0 0 0 0 180 125 192 44 190 158 1 87 92 72 29 93 116 112 3 174
32 13 0 118 68 83 10 121 190 190 27 178 139 140 15 152 192 179 85 56
0 0 0 0 26 118 123 65 121 163 147 125 75 33 30 38 88 141 37 29
