0 0 0 43 30 193 168 182 109 8 181 190 142 75 106 137 33 190 178 3
0 0 62 0 71 87 66 19 93 40 9 165 121 166 161 147 22 112 42 159
0 0 0 0 122 131 137 51 195 163 193 77 0 49 87 183 30 85 117 44
78 0 62 0 37 164 159 131 173 134 175 186 191 51 169 1 179 129 64 175
21 0 0 73 107 116 43 60 83 17 118 44 48 58 77 131 115 71 5 160
36 0 0 0 53 11 66 174 58 196 136 66 151 91 57 115 187 121 52 68
0 174 18 0 114 93 2 14 128 119 156 0 196 176 162 43 65 31 61 173
30 13 0 0 146 8 19 179 179 80 138 4 43 82 177 99 89 74 99 42
139 171 0 0 43 153 94 61 18 152 90 24 189 133 58 153 101 130 196 153
0 0 0 107 64 167 144 121 68 132 157 101 49 110 120 197 191 59 29 62
