8 4 0 0 7 10 51 104 121 181 23 25 31 34 138 81 116 155 60 77
120 90 0 124 109 156 137 142 196 114 185 192 44 23 128 175 95 120 169 91
181 53 0 0 133 165 95 100 70 171 6 26 181 30 73 54 50 196 192 24
98 41 0 0 117 35 96 179 14 78 50 16 193 176 38 10 186 173 88 59
176 0 160 0 42 70 111 35 53 150 47 58 107 95 76 169 168 180 40 138
0 0 0 88 75 69 189 65 191 138 28 199 39 100 78 37 128 194 181 24
72 149 100 160 31 157 107 70 173 129 142 171 27 135 157 48 139 110 27 5
103 0 43 0 24 39 70 3 17 76 123 52 11 189 76 158 107 53 108 11
0 96 0 0 58 158 183 93 103 148 8 26 24 23 142 33 44 188 144 23
0 150 0 71 134 115 177 76 9 39 128 86 42 25 8 112 59 158 84 36
