183 0 171 89 181 170 36 172 52 76 39 170 53 29 145 77 55 168 100 119
0 14 90 132 165 141 16 86 156 82 32 184 7 191 18 73 123 49 51 114
0 86 0 58 148 1 166 78 186 176 40 137 159 183 15 125 175 138 160 35
178 148 0 0 173 41 169 84 53 151 149 70 11 75 127 136 38 112 17 151
0 0 123 21 140 40 83 79 123 11 56 56 173 38 163 109 19 177 97 110
88 2 0 7 170 67 91 98 194 131 17 107 52 163 144 82 167 135 177 76
54 67 0 0 181 8 174 148 40 20 1 82 110 156 167 32 146 13 149 191
0 0 0 53 124 45 74 176 86 34 49 48 137 132 41 175 147 168 187 76
2 124 0 33 118 191 102 159 111 25 84 169 24 56 190 69 10 3 110 82
0 0 0 0 119 44 7 154 165 44 17 95 118 42 73 68 156 55 99 182
