0 0 0 0 51 160 183 77 58 89 189 130 180 155 60 123 77 100 129 123
25 179 116 10 93 98 195 30 34 138 175 8 3 32 194 67 189 35 132 132
0 0 0 0 54 42 94 101 74 188 43 73 167 128 123 42 62 152 55 1
87 0 80 123 22 115 157 79 100 1 45 128 91 17 125 49 150 124 140 112
99 0 117 0 45 51 57 178 197 92 84 156 44 37 160 118 65 41 72 7
0 77 0 179 68 40 159 183 130 95 55 92 81 69 43 4 164 13 45 2
54 0 0 0 164 178 160 72 41 131 4 138 51 45 159 143 115 103 32 148
41 176 194 174 193 19 87 118 64 108 121 165 98 56 85 143 102 50 180 193
0 0 146 74 32 176 180 109 15 108 33 75 78 125 171 114 100 26 103 45
0 0 47 0 42 1 132 13 113 182 187 171 189 182 1 151 82 104 16 25
