0 151 0 160 47 190 10 152 109 141 180 37 93 52 163 178 19 50 20 178
0 0 0 0 59 131 118 132 120 125 152 100 92 28 11 129 19 22 137 186
198 0 47 173 132 96 155 82 143 130 186 18 110 99 40 172 140 80 171 87
0 120 55 0 195 143 62 164 84 171 179 57 10 88 139 175 192 40 114 83
157 0 0 121 79 168 11 181 91 66 194 178 136 143 1 70 108 39 140 102
0 110 0 183 72 46 103 67 70 112 120 65 57 123 159 68 53 69 14 38
0 9 70 102 101 116 64 6 101 22 101 148 20 106 63 48 107 27 32 65
113 0 45 0 113 23 111 137 126 96 56 29 8 56 87 80 107 37 63 48
139 94 0 0 163 164 28 93 33 121 81 64 66 40 109 4 186 182 84 98
16 0 62 0 148 99 34 184 153 48 136 122 118 131 50 119 117 65 92 103
