0 0 103 8 196 19 159 61 102 94 155 145 34 3 66 11 174 109 180 65
174 87 0 0 118 60 133 20 99 67 33 178 106 195 49 170 85 103 26 147
0 0 0 163 76 188 41 172 78 161 134 193 74 46 98 31 61 145 103 25
0 0 93 0 131 89 143 165 189 83 36 24 111 111 101 9 133 122 136 146
50 129 0 0 150 182 17 14 150 48 5 93 152 196 15 171 176 185 170 174
0 0 0 111 141 28 25 145 110 167 110 96 104 141 31 57 71 198 114 59
151 0 44 0 49 3 1 70 76 84 154 32 134 7 52 56 170 1 150 146
0 0 0 85 38 165 175 93 91 107 19 66 53 84 28 22 199 24 171 69
0 133 0 138 185 73 151 187 129 58 163 111 113 195 97 23 17 130 17 187
161 0 194 0 74 165 16 128 28 47 122 11 136 38 80 143 11 102 112 110
