25 117 0 77 111 185 104 17 141 55 78 85 171 77 51 19 16 142 151 167
0 112 9 0 92 193 33 38 74 42 40 134 90 53 179 171 120 191 54 29
0 39 66 6 170 76 116 72 44 156 47 104 109 37 124 165 114 80 196 20
0 0 0 152 42 69 140 54 110 78 125 160 125 145 138 123 128 7 188 51
167 119 0 0 178 104 197 84 5 159 62 0 165 64 131 32 146 140 158 130
175 0 91 170 197 157 31 178 105 187 34 199 174 199 181 71 147 105 160 49
0 0 0 52 146 177 112 146 129 129 40 96 13 110 10 100 8 126 192 23
0 0 0 0 125 198 133 62 20 9 131 132 73 15 3 118 44 105 57 91
0 0 161 129 93 157 89 181 52 85 163 8 85 63 126 99 193 133 197 92
0 0 47 13 69 178 88 34 131 185 111 153 19 36 60 156 66 41 172 28
