0 115 0 0 96 147 187 48 112 27 55 125 15 39 58 116 51 136 186 101
143 0 0 0 32 61 87 180 25 90 56 180 51 164 156 177 167 134 165 21
20 0 181 99 76 160 73 156 107 50 40 52 170 152 130 105 51 116 15 65
47 14 75 0 122 131 45 107 160 122 131 60 73 107 44 47 56 32 146 5
99 0 60 0 0 120 25 113 178 17 158 91 28 46 87 94 73 122 70 42
0 61 191 0 188 73 144 18 174 183 85 152 120 169 84 90 93 180 186 2
198 0 109 141 28 5 161 161 122 54 175 58 5 112 108 188 166 176 198 30
13 0 71 0 157 179 105 119 65 50 29 3 28 148 158 157 112 16 197 164
0 0 70 0 12 137 172 144 174 14 57 97 121 174 157 148 74 79 91 25
0 0 0 0 193 112 56 199 170 30 81 98 7 44 181 139 162 87 124 124
